634.5,	387.5,	943.366,	-408.601;
634.5,	387.5,	943.366,	-408.601;
634.5,	389.5,	943.366,	-408.601;
635.5,	389.5,	943.366,	-408.601;
635.5,	389.5,	943.366,	-408.601;
274.5,	348.5,	943.366,	-408.601;
197.5,	337.5,	943.366,	-408.601;
629.5,	399.5,	943.366,	-408.601;
635.5,	390.5,	943.366,	-408.601;
634.5,	387.5,	943.366,	-408.601;
634.5,	387.5,	943.366,	-408.601;
634.5,	386.5,	943.366,	-408.601;
634.5,	386.5,	943.366,	-408.601;
634.5,	386.5,	943.366,	-408.601;
634.5,	386.5,	943.366,	-408.601;
634.5,	386.5,	943.366,	-408.601;
634.5,	386.5,	943.366,	-408.601;
634.5,	386.5,	943.366,	-408.601;
634.5,	386.5,	943.366,	-408.601;
634.5,	386.5,	943.366,	-408.601;
634.5,	386.5,	943.366,	-408.601;
634.5,	386.5,	943.366,	-408.601;
634.5,	386.5,	943.366,	-408.601;
634.5,	386.5,	943.366,	-408.601;
634.5,	386.5,	943.366,	-408.601;
634.5,	386.5,	943.366,	-408.601;
634.5,	386.5,	943.366,	-408.601;
634.5,	386.5,	943.378,	-408.592;
634.5,	386.5,	943.38,	-408.59;
635.5,	388.5,	943.376,	-408.59;
634.5,	386.5,	943.374,	-408.591;
634.5,	386.5,	943.372,	-408.592;
634.5,	386.5,	943.37,	-408.593;
634.5,	386.5,	943.369,	-408.595;
634.5,	386.5,	943.369,	-408.597;
634.5,	386.5,	943.367,	-408.598;
634.5,	386.5,	943.367,	-408.599;
634.5,	386.5,	943.367,	-408.599;
634.5,	386.5,	943.366,	-408.6;
634.5,	386.5,	943.366,	-408.6;
634.5,	386.5,	943.366,	-408.6;
634.5,	386.5,	943.366,	-408.6;
634.5,	386.5,	943.366,	-408.6;
634.5,	386.5,	943.366,	-408.6;
634.5,	386.5,	943.366,	-408.6;
634.5,	386.5,	943.365,	-408.6;
634.5,	386.5,	943.365,	-408.6;
634.5,	386.5,	943.365,	-408.6;
634.5,	386.5,	943.365,	-408.6;
634.5,	386.5,	943.365,	-408.6;
634.5,	386.5,	943.365,	-408.6;
634.5,	386.5,	943.365,	-408.6;
634.5,	386.5,	943.365,	-408.6;
634.5,	386.5,	943.365,	-408.6;
634.5,	386.5,	943.365,	-408.6;
634.5,	386.5,	943.366,	-408.6;
634.5,	386.5,	943.365,	-408.6;
634.5,	386.5,	943.365,	-408.6;
634.5,	386.5,	943.365,	-408.599;
634.5,	386.5,	943.365,	-408.6;
634.5,	386.5,	943.365,	-408.599;
634.5,	386.5,	943.365,	-408.6;
635.5,	388.5,	943.365,	-408.6;
634.5,	386.5,	943.365,	-408.6;
634.5,	386.5,	943.365,	-408.6;
634.5,	386.5,	943.365,	-408.6;
634.5,	386.5,	943.365,	-408.599;
634.5,	386.5,	943.365,	-408.6;
634.5,	386.5,	943.366,	-408.599;
634.5,	386.5,	943.365,	-408.6;
634.5,	386.5,	943.365,	-408.599;
634.5,	386.5,	943.365,	-408.6;
634.5,	386.5,	943.365,	-408.6;
634.5,	386.5,	943.365,	-408.6;
634.5,	386.5,	943.365,	-408.599;
634.5,	386.5,	943.348,	-408.568;
634.5,	386.5,	943.331,	-408.366;
634.5,	386.5,	943.341,	-407.916;
634.5,	389.5,	943.348,	-407.048;
633.5,	386.5,	943.363,	-405.972;
633.5,	389.5,	943.365,	-404.599;
632.5,	389.5,	943.364,	-402.934;
631.5,	389.5,	943.366,	-400.619;
630.5,	389.5,	943.369,	-398.387;
629.5,	390.5,	943.37,	-396.051;
626.5,	386.5,	943.37,	-393.663;
625.5,	389.5,	943.367,	-390.869;
624.5,	389.5,	943.367,	-388.476;
621.5,	386.5,	943.368,	-386.068;
620.5,	386.5,	943.364,	-383.682;
620.5,	388.5,	943.37,	-380.859;
623.5,	401.5,	943.368,	-378.478;
617.5,	388.5,	943.366,	-376.065;
615.5,	388.5,	943.368,	-373.682;
613.5,	385.5,	943.372,	-370.865;
613.5,	389.5,	943.368,	-368.475;
610.5,	388.5,	943.368,	-366.074;
614.5,	401.5,	943.366,	-363.676;
608.5,	389.5,	943.368,	-361.279;
611.5,	401.5,	943.363,	-358.479;
604.5,	384.5,	943.368,	-356.077;
608.5,	401.5,	943.365,	-353.667;
602.5,	388.5,	943.367,	-350.878;
604.5,	398.5,	943.37,	-348.457;
598.5,	385.5,	943.371,	-346.07;
601.5,	398.5,	943.371,	-343.661;
597.5,	387.5,	943.365,	-341.277;
598.5,	398.5,	943.368,	-338.473;
592.5,	392.5,	943.368,	-336.073;
595.5,	398.5,	943.368,	-333.677;
594.5,	399.5,	943.373,	-330.859;
593.5,	400.5,	943.369,	-328.874;
587.5,	389.5,	943.362,	-326.074;
585.5,	392.5,	943.365,	-323.681;
584.5,	389.5,	943.367,	-320.867;
586.5,	397.5,	943.368,	-318.468;
581.5,	391.5,	943.367,	-316.073;
580.5,	389.5,	943.367,	-313.667;
578.5,	387.5,	943.369,	-310.868;
580.5,	397.5,	943.362,	-308.483;
575.5,	387.5,	943.371,	-306.069;
577.5,	397.5,	943.367,	-303.673;
576.5,	397.5,	943.37,	-300.869;
571.5,	389.5,	943.37,	-298.459;
573.5,	397.5,	943.368,	-296.062;
572.5,	398.5,	943.366,	-293.657;
566.5,	391.5,	943.365,	-291.28;
573.5,	391.5,	943.371,	-288.465;
567.5,	397.5,	943.367,	-286.073;
565.5,	397.5,	943.368,	-283.668;
564.5,	396.5,	943.365,	-280.873;
562.5,	397.5,	943.368,	-278.471;
561.5,	397.5,	943.365,	-276.073;
563.5,	391.5,	943.369,	-273.667;
556.5,	389.5,	943.374,	-270.851;
554.5,	386.5,	943.363,	-268.48;
558.5,	391.5,	943.367,	-266.061;
551.5,	386.5,	943.369,	-263.677;
549.5,	387.5,	943.368,	-260.867;
548.5,	384.5,	943.371,	-258.45;
546.5,	387.5,	943.368,	-256.07;
543.5,	391.5,	943.367,	-253.661;
543.5,	387.5,	943.368,	-250.868;
541.5,	390.5,	943.366,	-248.462;
543.5,	396.5,	943.368,	-246.061;
539.5,	387.5,	943.368,	-243.677;
540.5,	396.5,	943.366,	-240.864;
537.5,	386.5,	943.371,	-238.471;
542.5,	390.5,	943.367,	-236.057;
532.5,	392.5,	943.366,	-233.667;
532.5,	387.5,	943.368,	-230.88;
532.5,	394.5,	943.362,	-228.471;
529.5,	385.5,	943.37,	-226.066;
534.5,	390.5,	943.373,	-223.253;
526.5,	386.5,	943.367,	-220.876;
527.5,	397.5,	943.366,	-218.46;
523.5,	386.5,	943.368,	-216.059;
522.5,	386.5,	943.366,	-213.661;
520.5,	384.5,	943.365,	-210.862;
519.5,	386.5,	943.368,	-208.471;
518.5,	385.5,	943.365,	-206.07;
515.5,	389.5,	943.368,	-203.258;
514.5,	386.5,	943.368,	-200.859;
513.5,	384.5,	943.366,	-198.488;
514.5,	394.5,	943.367,	-196.063;
510.5,	384.5,	943.37,	-193.261;
510.5,	393.5,	943.366,	-190.871;
508.5,	386.5,	943.366,	-188.455;
506.5,	384.5,	943.366,	-186.067;
504.5,	384.5,	943.37,	-183.654;
503.5,	386.5,	943.37,	-180.866;
500.5,	388.5,	943.365,	-178.857;
502.5,	394.5,	943.366,	-176.07;
498.5,	385.5,	943.371,	-173.658;
499.5,	394.5,	943.371,	-170.854;
495.5,	382.5,	943.364,	-168.476;
493.5,	388.5,	943.367,	-166.048;
492.5,	385.5,	943.368,	-163.661;
493.5,	394.5,	943.365,	-160.877;
489.5,	388.5,	943.366,	-158.45;
495.5,	388.5,	943.367,	-156.074;
486.5,	388.5,	943.368,	-153.662;
487.5,	387.5,	943.369,	-150.863;
484.5,	383.5,	943.367,	-148.468;
482.5,	383.5,	943.368,	-146.055;
481.5,	387.5,	943.369,	-143.667;
479.5,	383.5,	943.368,	-140.861;
478.5,	385.5,	943.368,	-138.475;
477.5,	385.5,	943.368,	-136.062;
475.5,	385.5,	943.367,	-133.667;
473.5,	384.5,	943.365,	-130.884;
472.5,	382.5,	943.37,	-128.456;
469.5,	388.5,	943.369,	-126.069;
468.5,	388.5,	943.365,	-123.68;
466.5,	388.5,	943.368,	-120.866;
467.5,	386.5,	943.37,	-118.472;
465.5,	384.5,	943.369,	-116.084;
464.5,	386.5,	943.369,	-113.678;
462.5,	386.5,	943.367,	-110.873;
464.5,	387.5,	943.365,	-108.48;
462.5,	388.5,	943.367,	-106.078;
456.5,	389.5,	943.369,	-103.67;
460.5,	387.5,	943.368,	-100.885;
455.5,	386.5,	943.369,	-98.481;
453.5,	386.5,	943.369,	-96.085;
452.5,	384.5,	943.366,	-93.678;
451.5,	384.5,	943.365,	-90.881;
449.5,	384.5,	943.366,	-88.479;
448.5,	386.5,	943.367,	-86.069;
446.5,	384.5,	943.367,	-83.682;
445.5,	384.5,	943.369,	-80.881;
443.5,	384.5,	943.368,	-78.892;
442.5,	385.5,	943.368,	-76.087;
442.5,	392.5,	943.367,	-73.68;
439.5,	385.5,	943.366,	-70.883;
438.5,	386.5,	943.367,	-68.481;
438.5,	387.5,	943.367,	-66.085;
434.5,	380.5,	943.368,	-63.695;
432.5,	386.5,	943.368,	-60.872;
432.5,	384.5,	943.367,	-58.505;
428.5,	387.5,	943.368,	-56.094;
432.5,	386.5,	943.369,	-53.684;
427.5,	383.5,	943.368,	-50.904;
429.5,	386.5,	943.367,	-48.479;
425.5,	382.5,	943.367,	-46.09;
423.5,	382.5,	943.366,	-43.698;
424.5,	387.5,	943.366,	-40.879;
423.5,	387.5,	943.366,	-38.493;
419.5,	385.5,	943.366,	-36.086;
417.5,	385.5,	943.367,	-33.296;
414.5,	385.5,	943.367,	-30.898;
414.5,	383.5,	943.366,	-28.488;
416.5,	386.5,	943.367,	-26.106;
413.5,	391.5,	943.368,	-23.289;
410.5,	382.5,	943.368,	-20.901;
408.5,	380.5,	943.368,	-18.507;
407.5,	383.5,	943.368,	-16.095;
405.5,	385.5,	943.368,	-13.298;
407.5,	386.5,	943.368,	-10.903;
402.5,	385.5,	943.368,	-8.5;
401.5,	382.5,	943.368,	-6.1;
399.5,	385.5,	943.367,	-3.297;
399.5,	385.5,	943.368,	-0.904;
397.5,	384.5,	943.367,	1.499;
396.5,	383.5,	943.365,	3.891;
394.5,	384.5,	943.369,	6.688;
393.5,	385.5,	943.372,	9.101;
391.5,	381.5,	943.375,	11.498;
393.5,	385.5,	943.376,	13.891;
390.5,	387.5,	943.373,	16.694;
386.5,	384.5,	943.372,	19.098;
386.5,	386.5,	943.371,	21.482;
382.5,	384.5,	943.37,	23.894;
382.5,	384.5,	943.37,	26.705;
383.5,	387.5,	943.37,	29.073;
379.5,	381.5,	943.369,	31.492;
377.5,	383.5,	943.368,	33.901;
376.5,	382.5,	943.369,	36.673;
375.5,	381.5,	943.368,	39.1;
377.5,	385.5,	943.368,	41.889;
372.5,	381.5,	943.368,	43.881;
370.5,	384.5,	943.368,	46.282;
369.5,	382.5,	943.368,	49.081;
368.5,	383.5,	943.368,	51.488;
366.5,	379.5,	943.367,	53.873;
365.5,	383.5,	943.367,	56.677;
364.5,	382.5,	943.368,	59.091;
362.5,	379.5,	943.367,	61.469;
360.5,	381.5,	943.366,	63.89;
359.5,	381.5,	943.366,	66.682;
361.5,	384.5,	943.367,	69.071;
356.5,	382.5,	943.367,	71.486;
358.5,	384.5,	943.367,	73.878;
352.5,	382.5,	943.367,	76.683;
352.5,	381.5,	943.368,	79.072;
350.5,	381.5,	943.367,	81.476;
349.5,	378.5,	943.368,	84.277;
349.5,	386.5,	943.369,	86.664;
346.5,	385.5,	943.368,	89.083;
345.5,	380.5,	943.367,	91.477;
342.5,	382.5,	943.371,	94.26;
341.5,	381.5,	943.368,	96.678;
340.5,	377.5,	943.367,	99.074;
339.5,	381.5,	943.367,	101.463;
337.5,	381.5,	943.366,	104.27;
335.5,	379.5,	943.367,	106.682;
334.5,	381.5,	943.368,	109.064;
332.5,	382.5,	943.367,	111.473;
331.5,	381.5,	943.368,	113.876;
330.5,	381.5,	943.368,	116.655;
329.5,	381.5,	943.368,	119.07;
327.5,	381.5,	943.367,	121.458;
326.5,	377.5,	943.367,	124.265;
324.5,	382.5,	943.368,	126.666;
323.5,	380.5,	943.368,	129.056;
321.5,	382.5,	943.369,	131.47;
318.5,	382.5,	943.368,	134.259;
318.5,	380.5,	943.368,	136.268;
318.5,	385.5,	943.369,	139.067;
317.5,	385.5,	943.366,	141.463;
313.5,	379.5,	943.367,	143.877;
311.5,	384.5,	943.366,	149.065;
309.5,	380.5,	943.368,	151.471;
308.5,	384.5,	943.368,	153.847;
306.5,	380.5,	943.367,	156.668;
305.5,	384.5,	943.367,	159.059;
304.5,	377.5,	943.367,	161.457;
303.5,	377.5,	943.368,	163.853;
301.5,	377.5,	943.369,	166.652;
302.5,	384.5,	943.369,	169.062;
299.5,	375.5,	943.369,	171.446;
296.5,	378.5,	943.365,	173.857;
295.5,	377.5,	943.367,	176.247;
293.5,	380.5,	943.364,	179.05;
293.5,	377.5,	943.368,	181.458;
291.5,	377.5,	943.369,	183.838;
289.5,	380.5,	943.364,	186.663;
288.5,	379.5,	943.367,	189.054;
287.5,	377.5,	943.37,	191.441;
285.5,	378.5,	943.367,	194.253;
283.5,	379.5,	943.366,	196.651;
282.5,	374.5,	943.368,	199.047;
280.5,	377.5,	943.369,	201.442;
279.5,	380.5,	943.366,	203.851;
277.5,	380.5,	943.367,	206.642;
276.5,	379.5,	943.367,	209.045;
276.5,	377.5,	943.369,	211.843;
274.5,	378.5,	943.369,	214.239;
272.5,	377.5,	943.366,	216.654;
269.5,	383.5,	943.366,	219.047;
268.5,	378.5,	943.37,	221.841;
267.5,	380.5,	943.366,	224.237;
265.5,	380.5,	943.366,	226.649;
264.5,	380.5,	943.367,	229.037;
263.5,	380.5,	943.368,	231.834;
261.5,	380.5,	943.368,	234.242;
260.5,	380.5,	943.37,	236.62;
258.5,	380.5,	943.366,	239.053;
257.5,	380.5,	943.367,	241.835;
255.5,	380.5,	943.369,	244.228;
254.5,	377.5,	943.368,	246.647;
254.5,	374.5,	943.366,	249.031;
251.5,	377.5,	943.373,	251.839;
250.5,	376.5,	943.368,	254.227;
249.5,	376.5,	943.367,	256.633;
247.5,	377.5,	943.367,	259.028;
245.5,	377.5,	943.366,	261.834;
244.5,	376.5,	943.367,	264.243;
242.5,	377.5,	943.368,	266.622;
241.5,	376.5,	943.369,	269.032;
240.5,	376.5,	943.366,	271.827;
238.5,	376.5,	943.364,	274.238;
237.5,	376.5,	943.368,	276.628;
235.5,	376.5,	943.368,	279.025;
234.5,	376.5,	943.368,	281.832;
232.5,	376.5,	943.371,	284.214;
231.5,	377.5,	943.365,	286.636;
229.5,	376.5,	943.367,	289.029;
228.5,	376.5,	943.369,	291.429;
226.5,	376.5,	943.366,	294.225;
225.5,	376.5,	943.37,	296.222;
223.5,	376.5,	943.369,	299.019;
223.5,	374.5,	943.366,	301.826;
220.5,	375.5,	943.365,	304.224;
218.5,	376.5,	943.367,	306.62;
218.5,	373.5,	943.369,	309.011;
216.5,	373.5,	943.367,	311.82;
216.5,	374.5,	943.367,	314.225;
212.5,	376.5,	943.371,	316.614;
211.5,	375.5,	943.364,	319.029;
210.5,	373.5,	943.37,	321.814;
209.5,	374.5,	943.373,	324.215;
206.5,	376.5,	943.366,	326.612;
205.5,	376.5,	943.372,	329.017;
204.5,	373.5,	943.368,	331.819;
203.5,	372.5,	943.365,	334.22;
201.5,	373.5,	943.364,	336.625;
199.5,	376.5,	943.364,	339.018;
199.5,	375.5,	943.371,	341.808;
196.5,	375.5,	943.367,	344.203;
195.5,	376.5,	943.368,	346.621;
193.5,	377.5,	943.368,	349.0;
192.5,	376.5,	943.367,	351.824;
191.5,	376.5,	943.367,	354.211;
189.5,	373.5,	943.366,	356.612;
187.5,	376.5,	943.37,	359.003;
186.5,	373.5,	943.37,	361.797;
184.5,	376.5,	943.368,	364.21;
183.5,	373.5,	943.373,	366.589;
182.5,	374.5,	943.366,	369.017;
180.5,	376.5,	943.365,	371.801;
180.5,	373.5,	943.367,	374.221;
178.5,	371.5,	943.366,	376.605;
177.5,	373.5,	943.365,	379.02;
175.5,	373.5,	943.364,	381.221;
175.5,	373.5,	943.365,	381.912;
174.5,	373.5,	943.368,	382.11;
174.5,	374.5,	943.37,	382.152;
174.5,	374.5,	943.373,	382.156;
174.5,	374.5,	943.371,	382.158;
174.5,	374.5,	943.369,	382.16;
174.5,	374.5,	943.367,	382.162;
174.5,	374.5,	943.364,	382.166;
174.5,	373.5,	943.366,	382.174;
174.5,	374.5,	943.362,	382.28;
173.5,	376.5,	943.353,	382.556;
174.5,	373.5,	943.359,	383.172;
173.5,	374.5,	943.366,	384.022;
172.5,	376.5,	943.363,	385.191;
171.5,	373.5,	943.367,	386.655;
170.5,	373.5,	943.366,	388.423;
169.5,	373.5,	943.365,	390.829;
167.5,	372.5,	943.369,	393.107;
166.5,	373.5,	943.366,	395.466;
163.5,	374.5,	943.368,	398.252;
162.5,	375.5,	943.372,	400.642;
161.5,	376.5,	943.368,	403.047;
158.5,	377.5,	943.372,	405.448;
158.5,	376.5,	943.366,	408.251;
156.5,	373.5,	943.37,	410.646;
156.5,	370.5,	943.367,	413.054;
155.5,	373.5,	943.368,	415.45;
153.5,	373.5,	943.366,	418.253;
151.5,	372.5,	943.365,	420.657;
150.5,	370.5,	943.362,	423.061;
148.5,	373.5,	943.363,	425.411;
147.5,	370.5,	943.362,	426.991;
145.5,	375.5,	943.365,	427.386;
146.5,	372.5,	943.367,	427.494;
145.5,	376.5,	943.372,	427.505;
147.5,	370.5,	943.372,	427.507;
147.5,	370.5,	943.37,	427.509;
146.5,	375.5,	943.367,	427.511;
147.5,	373.5,	943.366,	427.513;
146.5,	373.5,	943.366,	427.514;
146.5,	372.5,	943.403,	427.529;
147.5,	373.5,	943.55,	427.559;
147.5,	370.5,	943.94,	427.54;
146.5,	372.5,	944.751,	427.512;
146.5,	372.5,	945.761,	427.518;
146.5,	371.5,	947.086,	427.506;
147.5,	371.5,	948.702,	427.512;
145.5,	369.5,	950.955,	427.516;
145.5,	371.5,	953.151,	427.512;
147.5,	365.5,	955.474,	427.521;
145.5,	366.5,	957.865,	427.513;
145.5,	365.5,	960.652,	427.521;
145.5,	364.5,	963.054,	427.512;
145.5,	362.5,	965.449,	427.527;
145.5,	361.5,	967.859,	427.512;
145.5,	357.5,	970.65,	427.524;
144.5,	358.5,	973.057,	427.512;
144.5,	357.5,	975.451,	427.523;
144.5,	356.5,	978.26,	427.51;
143.5,	355.5,	980.653,	427.523;
144.5,	352.5,	983.059,	427.518;
144.5,	352.5,	985.45,	427.524;
144.5,	351.5,	988.255,	427.513;
143.5,	350.5,	990.652,	427.524;
143.5,	348.5,	993.057,	427.514;
143.5,	347.5,	995.45,	427.523;
143.5,	343.5,	998.257,	427.513;
142.5,	347.5,	1000.65,	427.521;
142.5,	343.5,	1003.057,	427.516;
142.5,	342.5,	1005.453,	427.52;
143.5,	339.5,	1008.254,	427.513;
142.5,	339.5,	1010.654,	427.514;
142.5,	338.5,	1013.055,	427.51;
143.5,	334.5,	1015.459,	427.513;
143.5,	333.5,	1018.257,	427.512;
139.5,	335.5,	1020.657,	427.517;
141.5,	334.5,	1023.058,	427.517;
141.5,	332.5,	1025.457,	427.517;
141.5,	330.5,	1028.256,	427.517;
140.5,	328.5,	1030.654,	427.518;
141.5,	325.5,	1033.055,	427.516;
142.5,	324.5,	1035.462,	427.512;
140.5,	325.5,	1038.257,	427.515;
141.5,	320.5,	1043.058,	427.519;
139.5,	321.5,	1045.459,	427.518;
140.5,	318.5,	1048.256,	427.514;
139.5,	318.5,	1050.656,	427.523;
139.5,	317.5,	1053.057,	427.514;
138.5,	315.5,	1055.458,	427.525;
138.5,	315.5,	1058.26,	427.508;
139.5,	310.5,	1060.659,	427.509;
138.5,	312.5,	1063.062,	427.513;
139.5,	308.5,	1065.46,	427.514;
138.5,	309.5,	1068.257,	427.524;
137.5,	307.5,	1070.66,	427.514;
138.5,	304.5,	1073.054,	427.527;
137.5,	305.5,	1075.464,	427.508;
137.5,	303.5,	1078.261,	427.512;
137.5,	302.5,	1080.662,	427.513;
136.5,	300.5,	1083.063,	427.504;
136.5,	300.5,	1085.459,	427.524;
137.5,	299.5,	1088.264,	427.511;
137.5,	294.5,	1090.658,	427.521;
136.5,	295.5,	1093.063,	427.515;
136.5,	292.5,	1095.464,	427.512;
135.5,	292.5,	1098.259,	427.526;
137.5,	289.5,	1100.663,	427.514;
136.5,	287.5,	1103.06,	427.517;
135.5,	289.5,	1105.463,	427.514;
135.5,	287.5,	1108.264,	427.508;
134.5,	285.5,	1110.657,	427.521;
135.5,	282.5,	1113.063,	427.515;
133.5,	283.5,	1115.464,	427.516;
135.5,	279.5,	1117.864,	427.52;
134.5,	281.5,	1120.262,	427.517;
134.5,	279.5,	1123.065,	427.519;
133.5,	277.5,	1125.465,	427.512;
133.5,	275.5,	1128.263,	427.511;
134.5,	272.5,	1130.666,	427.513;
133.5,	273.5,	1133.065,	427.512;
134.5,	269.5,	1135.463,	427.513;
132.5,	270.5,	1138.267,	427.512;
132.5,	268.5,	1140.668,	427.516;
133.5,	265.5,	1143.061,	427.523;
133.5,	264.5,	1145.464,	427.517;
133.5,	262.5,	1148.264,	427.514;
131.5,	262.5,	1150.666,	427.514;
131.5,	261.5,	1153.068,	427.512;
130.5,	259.5,	1155.864,	427.515;
131.5,	256.5,	1158.268,	427.513;
132.5,	255.5,	1160.667,	427.522;
132.5,	254.5,	1163.061,	427.526;
130.5,	254.5,	1165.869,	427.515;
131.5,	253.5,	1168.266,	427.519;
130.5,	252.5,	1170.663,	427.529;
131.5,	249.5,	1173.067,	427.518;
129.5,	248.5,	1175.866,	427.52;
129.5,	247.5,	1178.267,	427.526;
130.5,	245.5,	1180.671,	427.516;
129.5,	245.5,	1183.07,	427.519;
129.5,	242.5,	1185.867,	427.526;
130.5,	239.5,	1188.269,	427.525;
130.5,	240.5,	1190.666,	427.535;
128.5,	238.5,	1193.066,	427.52;
127.5,	236.5,	1195.867,	427.518;
128.5,	236.5,	1198.264,	427.535;
128.5,	233.5,	1200.666,	427.521;
126.5,	231.5,	1203.066,	427.518;
126.5,	230.5,	1205.861,	427.532;
127.5,	227.5,	1208.264,	427.513;
128.5,	226.5,	1210.665,	427.505;
126.5,	224.5,	1213.022,	427.525;
127.5,	223.5,	1214.667,	427.519;
131.5,	233.5,	1215.082,	427.517;
125.5,	223.5,	1215.184,	427.53;
127.5,	222.5,	1215.21,	427.526;
127.5,	222.5,	1215.218,	427.52;
127.5,	222.5,	1215.221,	427.515;
127.5,	222.5,	1215.221,	427.512;
127.5,	222.5,	1215.221,	427.512;
127.5,	222.5,	1215.221,	427.51;
127.5,	222.5,	1215.22,	427.51;
127.5,	222.5,	1215.22,	427.51;
127.5,	222.5,	1215.22,	427.51;
127.5,	222.5,	1215.22,	427.51;
127.5,	222.5,	1215.22,	427.51;
127.5,	222.5,	1215.22,	427.51;
127.5,	222.5,	1215.22,	427.51;
127.5,	222.5,	1215.22,	427.51;
127.5,	223.5,	1215.219,	427.511;
127.5,	222.5,	1215.219,	427.512;
127.5,	222.5,	1215.219,	427.512;
127.5,	222.5,	1215.219,	427.512;
127.5,	222.5,	1215.218,	427.508;
127.5,	222.5,	1215.208,	427.441;
127.5,	222.5,	1215.214,	427.151;
127.5,	223.5,	1215.212,	426.58;
128.5,	224.5,	1215.214,	425.768;
127.5,	222.5,	1215.215,	424.674;
129.5,	222.5,	1215.22,	422.984;
130.5,	222.5,	1215.224,	421.203;
132.5,	224.5,	1215.219,	419.17;
132.5,	223.5,	1215.219,	416.905;
134.5,	223.5,	1215.22,	414.171;
138.5,	224.5,	1215.222,	409.381;
137.5,	223.5,	1215.221,	406.964;
139.5,	224.5,	1215.225,	404.581;
141.5,	224.5,	1215.222,	401.774;
142.5,	224.5,	1215.218,	399.382;
144.5,	223.5,	1215.219,	396.97;
146.5,	224.5,	1215.222,	394.579;
147.5,	223.5,	1215.22,	391.778;
149.5,	224.5,	1215.219,	389.37;
150.5,	226.5,	1215.223,	386.974;
150.5,	224.5,	1215.225,	384.166;
156.5,	222.5,	1215.221,	381.784;
155.5,	226.5,	1215.222,	379.375;
158.5,	224.5,	1215.218,	376.99;
161.5,	222.5,	1215.22,	374.561;
161.5,	224.5,	1215.221,	371.785;
160.5,	225.5,	1215.221,	369.371;
164.5,	224.5,	1215.223,	366.971;
166.5,	225.5,	1215.224,	364.571;
168.5,	225.5,	1215.225,	361.768;
169.5,	225.5,	1215.219,	359.376;
169.5,	225.5,	1215.226,	356.968;
170.5,	225.5,	1215.221,	354.58;
174.5,	226.5,	1215.221,	351.769;
174.5,	225.5,	1215.219,	349.383;
177.5,	224.5,	1215.218,	346.972;
182.5,	228.5,	1215.223,	341.771;
180.5,	225.5,	1215.22,	339.376;
183.5,	226.5,	1215.22,	336.977;
183.5,	226.5,	1215.22,	334.17;
188.5,	225.5,	1215.225,	331.767;
190.5,	225.5,	1215.221,	329.374;
188.5,	226.5,	1215.218,	326.97;
193.5,	225.5,	1215.22,	324.181;
196.5,	223.5,	1215.22,	321.772;
197.5,	223.5,	1215.22,	319.384;
198.5,	226.5,	1215.219,	316.972;
199.5,	225.5,	1215.219,	314.172;
201.5,	225.5,	1215.224,	311.757;
203.5,	226.5,	1215.225,	309.369;
204.5,	225.5,	1215.219,	306.982;
207.5,	225.5,	1215.225,	304.164;
206.5,	226.5,	1215.217,	301.77;
206.5,	231.5,	1215.223,	299.361;
208.5,	233.5,	1215.22,	296.977;
210.5,	227.5,	1215.225,	294.161;
216.5,	231.5,	1215.218,	291.775;
218.5,	231.5,	1215.219,	289.368;
215.5,	227.5,	1215.219,	286.986;
221.5,	231.5,	1215.22,	284.174;
217.5,	227.5,	1215.22,	281.772;
220.5,	227.5,	1215.223,	279.372;
218.5,	227.5,	1215.22,	276.969;
225.5,	226.5,	1215.225,	274.17;
227.5,	225.5,	1215.224,	271.753;
226.5,	228.5,	1215.223,	269.368;
225.5,	228.5,	1215.221,	266.961;
232.5,	228.5,	1215.222,	264.171;
231.5,	228.5,	1215.22,	261.753;
238.5,	233.5,	1215.219,	259.371;
234.5,	232.5,	1215.223,	256.963;
236.5,	228.5,	1215.221,	254.167;
236.5,	228.5,	1215.225,	251.758;
238.5,	228.5,	1215.219,	249.37;
239.5,	228.5,	1215.221,	246.969;
241.5,	228.5,	1215.22,	244.166;
244.5,	229.5,	1215.221,	241.766;
245.5,	229.5,	1215.223,	239.374;
247.5,	234.5,	1215.22,	236.973;
247.5,	228.5,	1215.22,	234.175;
253.5,	228.5,	1215.218,	231.768;
252.5,	229.5,	1215.22,	229.369;
256.5,	228.5,	1215.224,	226.966;
256.5,	232.5,	1215.22,	224.161;
256.5,	229.5,	1215.223,	221.754;
261.5,	229.5,	1215.225,	219.359;
261.5,	232.5,	1215.222,	216.965;
264.5,	228.5,	1215.222,	214.558;
266.5,	229.5,	1215.223,	211.756;
267.5,	229.5,	1215.22,	209.358;
266.5,	234.5,	1215.223,	206.966;
271.5,	229.5,	1215.221,	204.156;
272.5,	229.5,	1215.223,	201.765;
275.5,	232.5,	1215.224,	199.357;
275.5,	229.5,	1215.223,	196.971;
277.5,	229.5,	1215.22,	194.157;
278.5,	231.5,	1215.222,	191.768;
280.5,	232.5,	1215.218,	189.358;
280.5,	233.5,	1215.218,	186.98;
282.5,	230.5,	1215.221,	184.16;
285.5,	232.5,	1215.223,	181.769;
285.5,	233.5,	1215.217,	179.369;
286.5,	230.5,	1215.219,	176.977;
289.5,	231.5,	1215.221,	174.174;
290.5,	233.5,	1215.22,	171.766;
293.5,	230.5,	1215.218,	169.383;
295.5,	230.5,	1215.219,	166.971;
296.5,	230.5,	1215.22,	164.18;
301.5,	234.5,	1215.219,	161.761;
298.5,	233.5,	1215.221,	159.38;
302.5,	230.5,	1215.224,	156.964;
300.5,	230.5,	1215.22,	154.174;
305.5,	230.5,	1215.22,	151.762;
306.5,	230.5,	1215.221,	149.382;
308.5,	230.5,	1215.223,	146.97;
310.5,	230.5,	1215.222,	144.173;
314.5,	234.5,	1215.218,	141.774;
310.5,	231.5,	1215.218,	139.378;
314.5,	230.5,	1215.222,	136.975;
315.5,	232.5,	1215.222,	134.165;
317.5,	231.5,	1215.22,	131.778;
322.5,	234.5,	1215.22,	129.368;
320.5,	231.5,	1215.223,	126.977;
322.5,	231.5,	1215.224,	124.162;
323.5,	232.5,	1215.222,	121.775;
325.5,	231.5,	1215.218,	119.368;
328.5,	231.5,	1215.22,	116.973;
329.5,	231.5,	1215.223,	114.166;
331.5,	231.5,	1215.222,	111.778;
333.5,	231.5,	1215.22,	109.379;
334.5,	231.5,	1215.221,	106.978;
335.5,	231.5,	1215.221,	104.173;
337.5,	231.5,	1215.222,	101.787;
339.5,	231.5,	1215.223,	99.387;
340.5,	231.5,	1215.223,	96.986;
341.5,	234.5,	1215.221,	94.179;
344.5,	234.5,	1215.219,	91.792;
344.5,	233.5,	1215.219,	89.386;
347.5,	236.5,	1215.221,	86.99;
347.5,	233.5,	1215.223,	84.178;
348.5,	232.5,	1215.224,	81.792;
350.5,	233.5,	1215.223,	79.382;
352.5,	233.5,	1215.222,	76.99;
354.5,	234.5,	1215.219,	74.183;
355.5,	233.5,	1215.219,	71.79;
357.5,	233.5,	1215.219,	69.389;
359.5,	232.5,	1215.221,	66.58;
360.5,	238.5,	1215.222,	64.19;
361.5,	234.5,	1215.222,	61.787;
365.5,	234.5,	1215.223,	59.397;
366.5,	237.5,	1215.222,	56.584;
367.5,	235.5,	1215.222,	54.203;
370.5,	232.5,	1215.221,	51.791;
371.5,	232.5,	1215.22,	49.404;
373.5,	232.5,	1215.22,	46.592;
374.5,	232.5,	1215.22,	44.202;
376.5,	235.5,	1215.22,	39.4;
379.5,	232.5,	1215.22,	36.598;
382.5,	231.5,	1215.22,	34.197;
383.5,	235.5,	1215.221,	31.804;
385.5,	234.5,	1215.221,	29.397;
386.5,	234.5,	1215.221,	26.603;
386.5,	235.5,	1215.221,	24.2;
390.5,	235.5,	1215.221,	21.808;
389.5,	234.5,	1215.221,	19.398;
392.5,	233.5,	1215.221,	16.605;
392.5,	234.5,	1215.221,	14.2;
394.5,	233.5,	1215.221,	11.804;
398.5,	235.5,	1215.221,	9.392;
400.5,	235.5,	1215.221,	6.606;
399.5,	233.5,	1215.22,	4.204;
401.5,	233.5,	1215.221,	1.804;
402.5,	233.5,	1215.221,	-0.587;
404.5,	234.5,	1215.219,	-3.378;
406.5,	233.5,	1215.222,	-5.784;
409.5,	239.5,	1215.225,	-7.778;
409.5,	234.5,	1215.229,	-10.593;
412.5,	235.5,	1215.233,	-13.381;
414.5,	235.5,	1215.232,	-15.79;
416.5,	236.5,	1215.23,	-18.185;
417.5,	235.5,	1215.228,	-20.592;
417.5,	234.5,	1215.226,	-23.382;
418.5,	235.5,	1215.224,	-25.788;
420.5,	236.5,	1215.223,	-28.185;
423.5,	236.5,	1215.222,	-30.588;
423.5,	234.5,	1215.221,	-33.385;
427.5,	236.5,	1215.221,	-35.383;
427.5,	237.5,	1215.221,	-38.191;
428.5,	234.5,	1215.221,	-40.582;
434.5,	235.5,	1215.221,	-43.385;
431.5,	236.5,	1215.22,	-45.774;
434.5,	235.5,	1215.221,	-48.188;
435.5,	234.5,	1215.221,	-50.568;
439.5,	235.5,	1215.22,	-53.375;
440.5,	236.5,	1215.22,	-55.771;
441.5,	240.5,	1215.22,	-58.185;
442.5,	236.5,	1215.22,	-60.563;
442.5,	234.5,	1215.219,	-63.376;
446.5,	236.5,	1215.22,	-65.77;
446.5,	235.5,	1215.222,	-68.176;
449.5,	236.5,	1215.221,	-70.563;
450.5,	237.5,	1215.221,	-73.367;
451.5,	235.5,	1215.222,	-75.778;
454.5,	236.5,	1215.222,	-78.168;
456.5,	236.5,	1215.221,	-80.572;
457.5,	237.5,	1215.22,	-83.367;
459.5,	236.5,	1215.219,	-85.785;
458.5,	236.5,	1215.22,	-88.169;
460.5,	237.5,	1215.22,	-90.572;
462.5,	235.5,	1215.222,	-93.365;
464.5,	235.5,	1215.222,	-95.772;
466.5,	239.5,	1215.221,	-98.161;
468.5,	238.5,	1215.221,	-100.56;
468.5,	236.5,	1215.22,	-103.357;
470.5,	235.5,	1215.221,	-105.763;
474.5,	239.5,	1215.223,	-108.151;
474.5,	237.5,	1215.223,	-110.556;
479.5,	236.5,	1215.223,	-113.355;
475.5,	238.5,	1215.22,	-115.757;
480.5,	238.5,	1215.22,	-118.148;
478.5,	238.5,	1215.222,	-120.55;
480.5,	238.5,	1215.224,	-123.354;
483.5,	236.5,	1215.221,	-125.758;
487.5,	238.5,	1215.221,	-128.154;
488.5,	237.5,	1215.22,	-130.56;
488.5,	236.5,	1215.219,	-133.365;
491.5,	242.5,	1215.221,	-135.758;
492.5,	238.5,	1215.223,	-138.153;
494.5,	238.5,	1215.222,	-140.552;
494.5,	236.5,	1215.222,	-143.363;
493.5,	240.5,	1215.223,	-145.744;
499.5,	238.5,	1215.22,	-148.156;
501.5,	240.5,	1215.219,	-150.543;
504.5,	237.5,	1215.221,	-153.352;
501.5,	234.5,	1215.223,	-155.738;
506.5,	240.5,	1215.219,	-158.164;
507.5,	238.5,	1215.218,	-160.55;
509.5,	241.5,	1215.22,	-163.364;
511.5,	240.5,	1215.221,	-165.75;
508.5,	241.5,	1215.219,	-168.154;
512.5,	237.5,	1215.221,	-170.552;
515.5,	239.5,	1215.22,	-173.359;
517.5,	240.5,	1215.221,	-175.756;
516.5,	238.5,	1215.22,	-178.142;
520.5,	240.5,	1215.221,	-180.961;
519.5,	240.5,	1215.221,	-183.344;
519.5,	241.5,	1215.22,	-185.752;
526.5,	241.5,	1215.22,	-188.133;
526.5,	239.5,	1215.221,	-190.957;
529.5,	241.5,	1215.221,	-193.335;
528.5,	236.5,	1215.222,	-195.747;
532.5,	241.5,	1215.225,	-198.132;
534.5,	241.5,	1215.221,	-200.944;
535.5,	242.5,	1215.218,	-203.342;
537.5,	241.5,	1215.223,	-205.736;
533.5,	243.5,	1215.221,	-208.537;
540.5,	242.5,	1215.218,	-210.933;
543.5,	238.5,	1215.222,	-213.339;
543.5,	239.5,	1215.224,	-215.725;
547.5,	238.5,	1215.222,	-218.538;
544.5,	238.5,	1215.222,	-220.931;
545.5,	241.5,	1215.219,	-223.339;
550.5,	242.5,	1215.221,	-225.733;
552.5,	242.5,	1215.221,	-228.537;
551.5,	237.5,	1215.221,	-230.934;
555.5,	242.5,	1215.223,	-233.337;
557.5,	242.5,	1215.224,	-235.729;
555.5,	236.5,	1215.223,	-238.13;
558.5,	242.5,	1215.219,	-240.931;
561.5,	240.5,	1215.218,	-243.333;
563.5,	242.5,	1215.221,	-245.726;
565.5,	242.5,	1215.222,	-248.532;
565.5,	241.5,	1215.222,	-250.933;
568.5,	243.5,	1215.22,	-253.336;
567.5,	240.5,	1215.221,	-255.719;
568.5,	242.5,	1215.221,	-258.532;
570.5,	242.5,	1215.219,	-260.925;
575.5,	243.5,	1215.224,	-263.336;
574.5,	238.5,	1215.224,	-265.713;
578.5,	243.5,	1215.221,	-268.523;
576.5,	242.5,	1215.221,	-270.922;
581.5,	241.5,	1215.223,	-273.325;
583.5,	244.5,	1215.219,	-275.718;
584.5,	243.5,	1215.223,	-278.517;
587.5,	244.5,	1215.221,	-280.927;
588.5,	244.5,	1215.219,	-283.317;
590.5,	244.5,	1215.221,	-285.727;
590.5,	241.5,	1215.221,	-288.505;
593.5,	243.5,	1215.221,	-290.935;
593.5,	241.5,	1215.221,	-293.312;
596.5,	243.5,	1215.221,	-295.722;
594.5,	239.5,	1215.22,	-298.508;
596.5,	238.5,	1215.22,	-300.92;
597.5,	237.5,	1215.223,	-303.317;
599.5,	238.5,	1215.225,	-305.71;
605.5,	244.5,	1215.221,	-308.512;
607.5,	240.5,	1215.224,	-310.899;
608.5,	241.5,	1215.222,	-313.309;
609.5,	245.5,	1215.224,	-315.699;
607.5,	237.5,	1215.224,	-318.514;
609.5,	237.5,	1215.218,	-320.914;
614.5,	245.5,	1215.219,	-323.328;
616.5,	247.5,	1215.219,	-325.714;
617.5,	245.5,	1215.223,	-328.512;
619.5,	245.5,	1215.222,	-330.91;
625.5,	240.5,	1215.218,	-333.315;
623.5,	245.5,	1215.22,	-335.71;
620.5,	238.5,	1215.22,	-338.507;
626.5,	241.5,	1215.223,	-340.905;
628.5,	241.5,	1215.221,	-343.305;
624.5,	235.5,	1215.225,	-345.696;
631.5,	245.5,	1215.224,	-348.496;
632.5,	242.5,	1215.22,	-350.905;
630.5,	237.5,	1215.219,	-353.313;
635.5,	242.5,	1215.221,	-355.706;
638.5,	242.5,	1215.22,	-358.504;
639.5,	245.5,	1215.221,	-360.903;
640.5,	242.5,	1215.219,	-363.301;
640.5,	240.5,	1215.224,	-365.701;
643.5,	243.5,	1215.224,	-368.489;
645.5,	246.5,	1215.221,	-370.898;
646.5,	243.5,	1215.223,	-373.291;
649.5,	245.5,	1215.218,	-375.712;
650.5,	244.5,	1215.221,	-378.491;
657.5,	241.5,	1215.222,	-380.9;
659.5,	241.5,	1215.219,	-383.298;
644.5,	249.5,	1215.218,	-385.708;
657.5,	246.5,	1215.219,	-388.498;
659.5,	246.5,	1215.223,	-390.891;
662.5,	242.5,	1215.22,	-393.114;
662.5,	248.5,	1215.22,	-394.255;
664.5,	242.5,	1215.221,	-394.624;
663.5,	247.5,	1215.226,	-394.684;
663.5,	248.5,	1215.228,	-394.691;
663.5,	248.5,	1215.222,	-394.7;
663.5,	248.5,	1215.22,	-394.703;
663.5,	248.5,	1215.219,	-394.705;
663.5,	248.5,	1215.218,	-394.706;
663.5,	248.5,	1215.218,	-394.707;
663.5,	248.5,	1215.218,	-394.707;
663.5,	248.5,	1215.218,	-394.706;
663.5,	248.5,	1215.217,	-394.707;
663.5,	248.5,	1215.218,	-394.706;
663.5,	248.5,	1215.218,	-394.707;
663.5,	248.5,	1215.218,	-394.706;
663.5,	248.5,	1215.218,	-394.706;
663.5,	248.5,	1215.218,	-394.706;
663.5,	248.5,	1215.218,	-394.706;
663.5,	247.5,	1215.218,	-394.705;
663.5,	248.5,	1215.218,	-394.706;
663.5,	248.5,	1215.218,	-394.706;
663.5,	248.5,	1215.218,	-394.705;
663.5,	248.5,	1215.218,	-394.705;
663.5,	248.5,	1215.218,	-394.705;
663.5,	248.5,	1215.218,	-394.705;
663.5,	248.5,	1215.218,	-394.706;
663.5,	248.5,	1215.218,	-394.705;
663.5,	248.5,	1215.218,	-394.705;
663.5,	248.5,	1215.218,	-394.705;
663.5,	248.5,	1215.218,	-394.705;
663.5,	248.5,	1215.218,	-394.705;
663.5,	248.5,	1215.218,	-394.705;
663.5,	248.5,	1215.218,	-394.706;
663.5,	248.5,	1215.218,	-394.705;
663.5,	248.5,	1215.215,	-394.703;
663.5,	248.5,	1215.132,	-394.683;
663.5,	248.5,	1214.894,	-394.689;
663.5,	246.5,	1214.408,	-394.708;
661.5,	247.5,	1213.645,	-394.715;
663.5,	248.5,	1212.378,	-394.695;
662.5,	250.5,	1210.96,	-394.696;
663.5,	249.5,	1209.238,	-394.708;
662.5,	245.5,	1207.236,	-394.696;
662.5,	252.5,	1204.623,	-394.699;
662.5,	253.5,	1202.271,	-394.705;
661.5,	257.5,	1199.88,	-394.707;
661.5,	257.5,	1197.485,	-394.703;
663.5,	252.5,	1194.686,	-394.701;
650.5,	262.5,	1192.281,	-394.706;
660.5,	263.5,	1189.883,	-394.704;
660.5,	263.5,	1187.487,	-394.697;
660.5,	259.5,	1184.679,	-394.714;
659.5,	261.5,	1182.28,	-394.711;
659.5,	268.5,	1179.887,	-394.699;
658.5,	271.5,	1177.485,	-394.71;
657.5,	268.5,	1175.082,	-394.708;
655.5,	264.5,	1172.286,	-394.697;
658.5,	273.5,	1169.883,	-394.718;
657.5,	270.5,	1167.482,	-394.715;
657.5,	277.5,	1164.685,	-394.708;
656.5,	273.5,	1162.282,	-394.726;
657.5,	279.5,	1159.88,	-394.723;
651.5,	270.5,	1157.483,	-394.716;
658.5,	287.5,	1154.679,	-394.73;
650.5,	274.5,	1152.28,	-394.715;
655.5,	286.5,	1149.884,	-394.709;
655.5,	289.5,	1147.481,	-394.718;
654.5,	289.5,	1144.684,	-394.702;
652.5,	281.5,	1142.283,	-394.71;
643.5,	293.5,	1139.88,	-394.712;
651.5,	289.5,	1137.485,	-394.699;
648.5,	283.5,	1134.682,	-394.713;
654.5,	290.5,	1132.279,	-394.71;
648.5,	287.5,	1129.884,	-394.698;
646.5,	287.5,	1127.478,	-394.715;
652.5,	300.5,	1125.078,	-394.713;
651.5,	302.5,	1122.282,	-394.703;
653.5,	298.5,	1119.878,	-394.708;
648.5,	296.5,	1117.484,	-394.708;
651.5,	307.5,	1115.081,	-394.699;
652.5,	302.5,	1112.278,	-394.704;
640.5,	309.5,	1109.882,	-394.706;
650.5,	311.5,	1107.48,	-394.712;
653.5,	305.5,	1105.078,	-394.708;
648.5,	308.5,	1102.28,	-394.707;
648.5,	309.5,	1099.879,	-394.71;
650.5,	311.5,	1097.48,	-394.706;
648.5,	319.5,	1095.077,	-394.709;
650.5,	313.5,	1092.277,	-394.707;
644.5,	310.5,	1089.883,	-394.706;
647.5,	323.5,	1087.478,	-394.707;
641.5,	321.5,	1085.077,	-394.704;
650.5,	330.5,	1082.276,	-394.704;
642.5,	315.5,	1079.878,	-394.708;
649.5,	333.5,	1077.477,	-394.706;
640.5,	317.5,	1075.075,	-394.707;
640.5,	319.5,	1072.277,	-394.701;
645.5,	333.5,	1069.881,	-394.699;
640.5,	323.5,	1067.477,	-394.709;
641.5,	324.5,	1065.078,	-394.709;
639.5,	324.5,	1062.276,	-394.709;
639.5,	325.5,	1059.88,	-394.711;
638.5,	327.5,	1057.476,	-394.701;
637.5,	327.5,	1055.072,	-394.715;
638.5,	329.5,	1052.277,	-394.699;
638.5,	330.5,	1050.275,	-394.709;
637.5,	332.5,	1047.473,	-394.703;
639.5,	335.5,	1044.677,	-394.701;
642.5,	347.5,	1042.271,	-394.708;
636.5,	336.5,	1039.882,	-394.698;
637.5,	340.5,	1037.472,	-394.715;
641.5,	351.5,	1034.675,	-394.706;
636.5,	345.5,	1032.271,	-394.716;
641.5,	348.5,	1029.869,	-394.716;
635.5,	345.5,	1027.477,	-394.699;
641.5,	351.5,	1024.67,	-394.706;
634.5,	346.5,	1022.28,	-394.694;
640.5,	360.5,	1019.872,	-394.704;
633.5,	348.5,	1017.474,	-394.706;
635.5,	351.5,	1014.671,	-394.713;
639.5,	364.5,	1012.271,	-394.712;
632.5,	349.5,	1009.875,	-394.706;
634.5,	356.5,	1007.473,	-394.714;
639.5,	371.5,	1004.675,	-394.704;
631.5,	353.5,	1002.274,	-394.704;
631.5,	357.5,	999.873,	-394.697;
632.5,	358.5,	997.472,	-394.708;
632.5,	363.5,	994.67,	-394.708;
631.5,	363.5,	992.266,	-394.717;
636.5,	377.5,	989.869,	-394.715;
631.5,	367.5,	987.469,	-394.712;
632.5,	368.5,	984.671,	-394.703;
630.5,	366.5,	982.273,	-394.705;
631.5,	370.5,	979.873,	-394.704;
631.5,	372.5,	977.473,	-394.702;
635.5,	385.5,	974.675,	-394.71;
630.5,	374.5,	972.276,	-394.71;
630.5,	376.5,	970.507,	-394.721;
629.5,	372.5,	969.84,	-394.721;
628.5,	373.5,	969.654,	-394.702;
629.5,	376.5,	969.622,	-394.694;
629.5,	376.5,	969.613,	-394.696;
629.5,	376.5,	969.609,	-394.699;
629.5,	376.5,	969.607,	-394.702;
629.5,	376.5,	969.607,	-394.704;
629.5,	376.5,	969.607,	-394.704;
629.5,	376.5,	969.608,	-394.705;
629.5,	376.5,	969.608,	-394.706;
629.5,	376.5,	969.609,	-394.706;
629.5,	376.5,	969.609,	-394.705;
629.5,	376.5,	969.608,	-394.706;
629.5,	376.5,	969.609,	-394.706;
629.5,	376.5,	969.608,	-394.706;
629.5,	376.5,	969.609,	-394.706;
629.5,	376.5,	969.608,	-394.705;
629.5,	376.5,	969.609,	-394.706;
629.5,	376.5,	969.609,	-394.706;
629.5,	376.5,	969.609,	-394.706;
629.5,	376.5,	969.609,	-394.706;
629.5,	376.5,	969.609,	-394.706;
629.5,	376.5,	969.609,	-394.706;
629.5,	376.5,	969.609,	-394.706;
629.5,	376.5,	969.609,	-394.705;
629.5,	376.5,	969.609,	-394.706;
629.5,	376.5,	969.609,	-394.705;
630.5,	377.5,	969.61,	-394.705;
629.5,	376.5,	969.609,	-394.706;
629.5,	376.5,	969.607,	-394.699;
629.5,	376.5,	969.587,	-394.626;
628.5,	373.5,	969.592,	-394.337;
630.5,	377.5,	969.6,	-393.803;
629.5,	377.5,	969.605,	-392.807;
628.5,	376.5,	969.609,	-391.647;
627.5,	378.5,	969.61,	-390.18;
627.5,	377.5,	969.604,	-388.402;
624.5,	373.5,	969.612,	-386.006;
624.5,	376.5,	969.609,	-383.71;
621.5,	373.5,	969.613,	-381.368;
620.5,	375.5,	969.606,	-378.967;
619.5,	375.5,	969.611,	-376.168;
617.5,	373.5,	969.611,	-373.759;
620.5,	386.5,	969.61,	-371.372;
615.5,	375.5,	969.608,	-368.965;
617.5,	386.5,	969.612,	-366.162;
612.5,	374.5,	969.614,	-363.76;
614.5,	386.5,	969.609,	-361.372;
609.5,	375.5,	969.616,	-358.962;
608.5,	376.5,	969.609,	-356.17;
606.5,	375.5,	969.615,	-353.772;
609.5,	387.5,	969.607,	-351.368;
607.5,	385.5,	969.61,	-348.97;
601.5,	375.5,	969.612,	-346.155;
604.5,	385.5,	969.61,	-343.773;
598.5,	375.5,	969.612,	-341.349;
595.5,	375.5,	969.61,	-336.169;
598.5,	385.5,	969.608,	-333.779;
600.5,	379.5,	969.61,	-331.371;
591.5,	376.5,	969.612,	-328.564;
593.5,	385.5,	969.609,	-326.174;
588.5,	373.5,	969.614,	-323.761;
590.5,	385.5,	969.61,	-321.369;
586.5,	375.5,	969.609,	-318.564;
584.5,	374.5,	969.613,	-316.165;
583.5,	375.5,	969.612,	-313.763;
585.5,	386.5,	969.607,	-310.967;
580.5,	375.5,	969.61,	-308.566;
582.5,	386.5,	969.611,	-306.161;
580.5,	384.5,	969.615,	-303.755;
574.5,	373.5,	969.609,	-300.966;
577.5,	384.5,	969.613,	-298.56;
571.5,	371.5,	969.609,	-296.167;
574.5,	384.5,	969.61,	-293.771;
568.5,	370.5,	969.616,	-290.96;
568.5,	374.5,	969.61,	-288.568;
564.5,	379.5,	969.612,	-286.155;
568.5,	384.5,	969.609,	-283.765;
563.5,	375.5,	969.611,	-280.958;
564.5,	383.5,	969.609,	-278.565;
561.5,	375.5,	969.609,	-276.168;
557.5,	380.5,	969.612,	-273.764;
558.5,	375.5,	969.613,	-270.956;
559.5,	383.5,	969.614,	-268.552;
555.5,	375.5,	969.609,	-266.159;
553.5,	375.5,	969.609,	-263.754;
551.5,	374.5,	969.611,	-260.972;
554.5,	378.5,	969.61,	-258.551;
548.5,	374.5,	969.614,	-256.158;
547.5,	372.5,	969.614,	-253.754;
551.5,	377.5,	969.609,	-250.963;
542.5,	378.5,	969.607,	-248.573;
546.5,	383.5,	969.609,	-246.154;
539.5,	378.5,	969.611,	-243.771;
542.5,	380.5,	969.612,	-240.952;
539.5,	376.5,	969.608,	-238.563;
539.5,	382.5,	969.61,	-236.173;
538.5,	383.5,	969.612,	-233.76;
534.5,	374.5,	969.61,	-230.96;
535.5,	383.5,	969.613,	-228.554;
531.5,	374.5,	969.61,	-226.157;
534.5,	378.5,	969.61,	-223.753;
527.5,	372.5,	969.614,	-220.962;
527.5,	374.5,	969.612,	-218.553;
528.5,	382.5,	969.612,	-216.154;
524.5,	374.5,	969.613,	-213.757;
524.5,	381.5,	969.612,	-210.961;
520.5,	378.5,	969.608,	-208.562;
521.5,	381.5,	969.611,	-206.153;
525.5,	376.5,	969.611,	-203.762;
518.5,	381.5,	969.609,	-200.961;
515.5,	375.5,	969.612,	-198.56;
514.5,	373.5,	969.612,	-196.161;
511.5,	370.5,	969.61,	-193.757;
510.5,	375.5,	969.611,	-190.947;
507.5,	378.5,	969.612,	-188.958;
507.5,	375.5,	969.611,	-186.157;
506.5,	375.5,	969.611,	-183.753;
504.5,	375.5,	969.611,	-180.967;
503.5,	373.5,	969.613,	-178.545;
504.5,	383.5,	969.61,	-176.163;
497.5,	377.5,	969.608,	-173.763;
498.5,	372.5,	969.614,	-170.942;
501.5,	375.5,	969.615,	-168.557;
494.5,	377.5,	969.609,	-166.153;
498.5,	375.5,	969.608,	-163.762;
493.5,	372.5,	969.61,	-160.955;
491.5,	373.5,	969.613,	-158.563;
489.5,	374.5,	969.614,	-156.159;
489.5,	372.5,	969.61,	-153.753;
486.5,	374.5,	969.611,	-150.96;
489.5,	376.5,	969.614,	-148.536;
484.5,	370.5,	969.612,	-146.159;
482.5,	374.5,	969.609,	-143.755;
480.5,	375.5,	969.612,	-140.951;
479.5,	374.5,	969.612,	-138.558;
477.5,	376.5,	969.612,	-136.151;
476.5,	372.5,	969.611,	-133.768;
475.5,	374.5,	969.607,	-130.959;
473.5,	371.5,	969.609,	-128.554;
470.5,	376.5,	969.612,	-126.161;
471.5,	374.5,	969.611,	-123.766;
466.5,	376.5,	969.614,	-120.965;
468.5,	373.5,	969.612,	-118.557;
465.5,	374.5,	969.609,	-116.168;
465.5,	371.5,	969.611,	-113.765;
462.5,	374.5,	969.611,	-111.371;
462.5,	371.5,	969.614,	-108.561;
459.5,	374.5,	969.612,	-106.16;
458.5,	375.5,	969.609,	-103.775;
458.5,	373.5,	969.609,	-101.368;
456.5,	374.5,	969.61,	-98.568;
454.5,	368.5,	969.612,	-96.168;
454.5,	372.5,	969.612,	-93.778;
451.5,	368.5,	969.612,	-91.365;
450.5,	368.5,	969.611,	-88.56;
448.5,	371.5,	969.608,	-86.171;
445.5,	375.5,	969.609,	-83.765;
449.5,	374.5,	969.61,	-81.386;
447.5,	375.5,	969.613,	-78.568;
443.5,	370.5,	969.612,	-76.179;
441.5,	368.5,	969.613,	-73.782;
444.5,	374.5,	969.613,	-70.961;
440.5,	378.5,	969.613,	-68.579;
437.5,	370.5,	969.611,	-66.176;
437.5,	378.5,	969.611,	-63.781;
434.5,	371.5,	969.61,	-60.98;
433.5,	372.5,	969.61,	-58.571;
433.5,	374.5,	969.609,	-56.191;
430.5,	372.5,	969.61,	-53.368;
430.5,	374.5,	969.611,	-50.974;
430.5,	373.5,	969.611,	-48.59;
426.5,	370.5,	969.611,	-46.171;
424.5,	374.5,	969.61,	-43.38;
423.5,	370.5,	969.61,	-40.974;
423.5,	374.5,	969.611,	-38.582;
423.5,	373.5,	969.61,	-36.189;
418.5,	369.5,	969.611,	-33.375;
420.5,	373.5,	969.611,	-30.992;
418.5,	374.5,	969.61,	-28.582;
414.5,	370.5,	969.61,	-26.188;
416.5,	373.5,	969.61,	-23.395;
411.5,	368.5,	969.61,	-20.99;
409.5,	370.5,	969.61,	-18.596;
407.5,	372.5,	969.611,	-16.181;
406.5,	370.5,	969.611,	-13.787;
409.5,	373.5,	969.611,	-10.995;
403.5,	370.5,	969.612,	-8.589;
400.5,	373.5,	969.611,	-6.187;
399.5,	373.5,	969.611,	-3.389;
400.5,	373.5,	969.611,	-0.992;
398.5,	369.5,	969.61,	1.408;
398.5,	373.5,	969.609,	3.804;
395.5,	369.5,	969.612,	6.598;
396.5,	373.5,	969.616,	9.004;
392.5,	371.5,	969.619,	11.413;
391.5,	371.5,	969.622,	13.807;
391.5,	373.5,	969.622,	16.598;
388.5,	371.5,	969.619,	19.011;
386.5,	369.5,	969.616,	21.394;
385.5,	371.5,	969.614,	23.805;
384.5,	371.5,	969.613,	26.606;
385.5,	372.5,	969.612,	28.998;
380.5,	369.5,	969.612,	31.412;
379.5,	371.5,	969.612,	33.788;
378.5,	372.5,	969.612,	36.599;
376.5,	369.5,	969.611,	39.013;
374.5,	363.5,	969.611,	41.391;
371.5,	369.5,	969.611,	43.799;
375.5,	372.5,	969.61,	46.593;
370.5,	368.5,	969.61,	48.998;
370.5,	372.5,	969.61,	51.387;
367.5,	368.5,	969.61,	53.785;
367.5,	372.5,	969.611,	56.612;
364.5,	370.5,	969.612,	58.977;
366.5,	372.5,	969.611,	61.397;
361.5,	369.5,	969.611,	63.788;
359.5,	368.5,	969.611,	66.58;
358.5,	369.5,	969.61,	68.999;
356.5,	369.5,	969.61,	71.382;
355.5,	368.5,	969.61,	73.792;
353.5,	369.5,	969.609,	76.593;
353.5,	372.5,	969.61,	78.981;
350.5,	369.5,	969.611,	81.385;
349.5,	368.5,	969.611,	83.783;
348.5,	368.5,	969.611,	86.589;
346.5,	370.5,	969.613,	88.974;
346.5,	372.5,	969.612,	91.384;
343.5,	372.5,	969.611,	93.788;
342.5,	373.5,	969.611,	96.57;
340.5,	370.5,	969.609,	98.986;
341.5,	371.5,	969.61,	101.379;
338.5,	368.5,	969.61,	103.787;
336.5,	367.5,	969.612,	106.576;
335.5,	365.5,	969.611,	108.978;
333.5,	367.5,	969.61,	111.377;
331.5,	365.5,	969.609,	113.79;
330.5,	365.5,	969.611,	116.583;
328.5,	365.5,	969.612,	118.967;
327.5,	368.5,	969.612,	121.382;
327.5,	371.5,	969.612,	123.774;
324.5,	365.5,	969.612,	126.566;
324.5,	371.5,	969.61,	128.971;
323.5,	371.5,	969.61,	131.371;
321.5,	371.5,	969.614,	133.784;
318.5,	367.5,	969.611,	136.567;
316.5,	367.5,	969.612,	138.975;
317.5,	371.5,	969.611,	141.369;
314.5,	368.5,	969.608,	143.779;
312.5,	367.5,	969.611,	146.576;
312.5,	371.5,	969.613,	148.964;
309.5,	367.5,	969.611,	151.382;
306.5,	367.5,	969.611,	156.179;
305.5,	367.5,	969.61,	158.966;
303.5,	367.5,	969.61,	161.357;
302.5,	367.5,	969.61,	163.782;
302.5,	371.5,	969.612,	166.555;
297.5,	363.5,	969.612,	168.968;
298.5,	365.5,	969.61,	171.363;
296.5,	367.5,	969.611,	173.757;
295.5,	364.5,	969.612,	176.567;
293.5,	367.5,	969.611,	178.956;
292.5,	367.5,	969.613,	181.361;
290.5,	367.5,	969.61,	184.165;
289.5,	367.5,	969.609,	186.175;
288.5,	367.5,	969.614,	188.956;
285.5,	364.5,	969.609,	191.361;
284.5,	367.5,	969.61,	194.166;
283.5,	365.5,	969.61,	196.556;
282.5,	364.5,	969.611,	198.968;
280.5,	364.5,	969.611,	201.352;
279.5,	364.5,	969.613,	204.153;
277.5,	367.5,	969.611,	206.559;
277.5,	363.5,	969.611,	208.964;
274.5,	367.5,	969.614,	211.346;
272.5,	367.5,	969.611,	214.155;
271.5,	367.5,	969.611,	216.551;
270.5,	364.5,	969.611,	218.954;
268.5,	367.5,	969.61,	221.364;
267.5,	364.5,	969.611,	224.143;
264.5,	366.5,	969.611,	226.558;
264.5,	367.5,	969.611,	228.942;
262.5,	364.5,	969.61,	231.358;
262.5,	370.5,	969.611,	234.155;
261.5,	370.5,	969.614,	236.544;
259.5,	370.5,	969.609,	238.951;
256.5,	366.5,	969.614,	241.335;
255.5,	364.5,	969.614,	244.15;
253.5,	366.5,	969.607,	246.546;
252.5,	364.5,	969.61,	248.96;
250.5,	366.5,	969.615,	251.335;
252.5,	370.5,	969.611,	254.146;
246.5,	364.5,	969.609,	258.932;
244.5,	363.5,	969.608,	261.358;
243.5,	364.5,	969.611,	264.133;
241.5,	363.5,	969.609,	266.545;
240.5,	364.5,	969.614,	268.93;
238.5,	363.5,	969.611,	271.344;
237.5,	364.5,	969.61,	273.743;
235.5,	363.5,	969.61,	276.534;
234.5,	364.5,	969.609,	278.948;
232.5,	363.5,	969.612,	281.329;
231.5,	363.5,	969.613,	284.133;
229.5,	363.5,	969.611,	286.537;
228.5,	364.5,	969.611,	288.944;
226.5,	363.5,	969.611,	291.339;
225.5,	363.5,	969.613,	294.132;
223.5,	363.5,	969.61,	296.529;
222.5,	364.5,	969.611,	298.931;
220.5,	363.5,	969.614,	301.322;
219.5,	364.5,	969.609,	304.131;
217.5,	363.5,	969.609,	306.54;
216.5,	364.5,	969.611,	308.932;
216.5,	361.5,	969.606,	311.342;
214.5,	360.5,	969.614,	314.126;
212.5,	363.5,	969.614,	316.529;
210.5,	364.5,	969.612,	318.916;
209.5,	363.5,	969.612,	321.327;
208.5,	361.5,	969.612,	324.127;
206.5,	363.5,	969.611,	326.528;
204.5,	364.5,	969.609,	328.928;
202.5,	363.5,	969.61,	331.331;
201.5,	364.5,	969.613,	334.119;
199.5,	363.5,	969.61,	336.523;
198.5,	360.5,	969.614,	338.922;
196.5,	363.5,	969.611,	341.322;
195.5,	362.5,	969.612,	344.129;
194.5,	363.5,	969.609,	346.522;
190.5,	364.5,	969.608,	348.931;
190.5,	363.5,	969.61,	351.079;
190.5,	360.5,	969.611,	352.201;
190.5,	360.5,	969.612,	352.459;
189.5,	362.5,	969.614,	352.515;
189.5,	363.5,	969.617,	352.52;
190.5,	365.5,	969.614,	352.524;
191.5,	369.5,	969.612,	352.527;
189.5,	362.5,	969.61,	352.529;
189.5,	363.5,	969.608,	352.533;
189.5,	363.5,	969.607,	352.533;
189.5,	362.5,	969.607,	352.533;
189.5,	363.5,	969.607,	352.534;
189.5,	362.5,	969.607,	352.534;
192.5,	369.5,	969.607,	352.534;
190.5,	360.5,	969.607,	352.534;
189.5,	362.5,	969.609,	352.534;
189.5,	362.5,	969.667,	352.554;
189.5,	362.5,	969.851,	352.583;
189.5,	362.5,	970.293,	352.558;
189.5,	362.5,	971.014,	352.535;
189.5,	362.5,	972.238,	352.525;
189.5,	361.5,	973.606,	352.528;
189.5,	360.5,	975.279,	352.534;
190.5,	357.5,	977.245,	352.536;
189.5,	358.5,	979.821,	352.538;
188.5,	357.5,	982.166,	352.545;
188.5,	356.5,	984.551,	352.535;
188.5,	354.5,	986.947,	352.54;
189.5,	351.5,	989.753,	352.518;
189.5,	350.5,	992.152,	352.521;
188.5,	348.5,	994.548,	352.529;
191.5,	356.5,	997.351,	352.532;
188.5,	345.5,	999.744,	352.546;
187.5,	347.5,	1001.75,	352.532;
187.5,	346.5,	1004.55,	352.541;
187.5,	344.5,	1007.346,	352.525;
187.5,	343.5,	1009.751,	352.528;
188.5,	339.5,	1012.149,	352.535;
186.5,	340.5,	1014.552,	352.523;
186.5,	338.5,	1017.348,	352.543;
186.5,	338.5,	1019.751,	352.531;
187.5,	334.5,	1022.149,	352.538;
186.5,	335.5,	1024.547,	352.544;
184.5,	336.5,	1027.348,	352.528;
186.5,	334.5,	1029.745,	352.543;
185.5,	331.5,	1032.148,	352.526;
187.5,	327.5,	1034.551,	352.528;
186.5,	326.5,	1037.347,	352.538;
185.5,	327.5,	1039.75,	352.524;
186.5,	323.5,	1042.147,	352.534;
186.5,	322.5,	1044.549,	352.533;
185.5,	324.5,	1047.352,	352.536;
186.5,	319.5,	1049.746,	352.545;
183.5,	324.5,	1052.153,	352.535;
185.5,	319.5,	1054.552,	352.535;
186.5,	316.5,	1057.354,	352.531;
186.5,	322.5,	1059.75,	352.529;
184.5,	313.5,	1062.149,	352.533;
184.5,	314.5,	1064.553,	352.525;
185.5,	310.5,	1067.352,	352.532;
184.5,	308.5,	1069.748,	352.533;
184.5,	307.5,	1072.153,	352.534;
184.5,	306.5,	1074.553,	352.534;
185.5,	312.5,	1077.354,	352.54;
184.5,	303.5,	1079.751,	352.54;
184.5,	302.5,	1082.15,	352.534;
183.5,	300.5,	1084.554,	352.531;
184.5,	300.5,	1087.354,	352.532;
184.5,	299.5,	1089.751,	352.532;
183.5,	299.5,	1092.154,	352.53;
183.5,	295.5,	1094.551,	352.535;
183.5,	294.5,	1097.353,	352.542;
182.5,	293.5,	1099.755,	352.527;
183.5,	292.5,	1102.154,	352.532;
183.5,	287.5,	1104.551,	352.54;
182.5,	288.5,	1107.354,	352.532;
183.5,	287.5,	1109.756,	352.533;
182.5,	285.5,	1112.15,	352.545;
182.5,	284.5,	1114.559,	352.525;
181.5,	290.5,	1117.358,	352.53;
181.5,	289.5,	1119.751,	352.544;
181.5,	280.5,	1122.159,	352.53;
181.5,	279.5,	1124.557,	352.533;
182.5,	283.5,	1126.952,	352.549;
181.5,	276.5,	1129.756,	352.526;
181.5,	275.5,	1132.157,	352.529;
181.5,	273.5,	1134.553,	352.547;
180.5,	271.5,	1137.356,	352.525;
182.5,	276.5,	1139.759,	352.53;
181.5,	266.5,	1142.157,	352.546;
180.5,	268.5,	1144.56,	352.525;
180.5,	266.5,	1147.093,	352.519;
180.5,	265.5,	1148.085,	352.528;
180.5,	267.5,	1148.372,	352.545;
180.5,	264.5,	1148.441,	352.549;
180.5,	264.5,	1148.46,	352.543;
180.5,	264.5,	1148.466,	352.538;
180.5,	264.5,	1148.468,	352.534;
180.5,	264.5,	1148.468,	352.532;
180.5,	265.5,	1148.467,	352.531;
180.5,	267.5,	1148.467,	352.53;
180.5,	264.5,	1148.466,	352.53;
180.5,	264.5,	1148.466,	352.53;
180.5,	264.5,	1148.466,	352.53;
180.5,	264.5,	1148.466,	352.53;
180.5,	270.5,	1148.466,	352.53;
180.5,	264.5,	1148.466,	352.53;
180.5,	267.5,	1148.466,	352.53;
180.5,	264.5,	1148.466,	352.529;
180.5,	264.5,	1148.461,	352.48;
180.5,	264.5,	1148.456,	352.263;
180.5,	264.5,	1148.458,	351.73;
180.5,	263.5,	1148.463,	350.952;
181.5,	264.5,	1148.458,	349.899;
183.5,	264.5,	1148.464,	348.273;
183.5,	264.5,	1148.464,	346.55;
184.5,	264.5,	1148.467,	344.544;
187.5,	270.5,	1148.471,	342.311;
187.5,	264.5,	1148.468,	339.971;
188.5,	266.5,	1148.467,	337.189;
190.5,	267.5,	1148.47,	334.789;
192.5,	263.5,	1148.471,	332.389;
193.5,	268.5,	1148.469,	329.993;
194.5,	265.5,	1148.463,	327.192;
196.5,	264.5,	1148.47,	324.788;
197.5,	265.5,	1148.467,	322.389;
197.5,	266.5,	1148.47,	319.598;
199.5,	266.5,	1148.466,	317.195;
203.5,	264.5,	1148.468,	314.796;
205.5,	265.5,	1148.465,	312.387;
206.5,	265.5,	1148.471,	309.6;
207.5,	264.5,	1148.468,	307.189;
210.5,	263.5,	1148.469,	304.808;
211.5,	265.5,	1148.466,	302.392;
212.5,	271.5,	1148.465,	299.604;
214.5,	265.5,	1148.465,	297.19;
216.5,	271.5,	1148.469,	294.805;
217.5,	265.5,	1148.469,	292.385;
217.5,	267.5,	1148.466,	289.603;
220.5,	265.5,	1148.464,	287.197;
220.5,	267.5,	1148.467,	284.79;
224.5,	265.5,	1148.469,	282.389;
225.5,	265.5,	1148.468,	279.587;
227.5,	271.5,	1148.47,	277.597;
228.5,	271.5,	1148.467,	274.785;
230.5,	265.5,	1148.468,	272.404;
232.5,	268.5,	1148.467,	267.206;
235.5,	265.5,	1148.467,	264.784;
236.5,	265.5,	1148.466,	262.409;
238.5,	271.5,	1148.467,	259.592;
238.5,	268.5,	1148.462,	257.201;
240.5,	268.5,	1148.467,	254.788;
242.5,	272.5,	1148.467,	252.406;
244.5,	265.5,	1148.467,	249.598;
246.5,	265.5,	1148.468,	247.195;
247.5,	268.5,	1148.467,	244.792;
249.5,	265.5,	1148.468,	242.395;
250.5,	268.5,	1148.464,	239.594;
251.5,	268.5,	1148.469,	237.183;
253.5,	268.5,	1148.471,	234.788;
255.5,	269.5,	1148.469,	232.389;
256.5,	268.5,	1148.467,	229.59;
256.5,	269.5,	1148.469,	227.186;
260.5,	268.5,	1148.464,	224.794;
261.5,	268.5,	1148.465,	222.391;
263.5,	268.5,	1148.469,	219.594;
263.5,	276.5,	1148.465,	217.185;
267.5,	272.5,	1148.467,	214.798;
268.5,	266.5,	1148.467,	212.391;
270.5,	266.5,	1148.469,	209.592;
272.5,	266.5,	1148.468,	207.181;
273.5,	271.5,	1148.466,	204.796;
273.5,	269.5,	1148.465,	202.384;
275.5,	276.5,	1148.471,	199.591;
276.5,	269.5,	1148.47,	197.179;
278.5,	271.5,	1148.467,	194.795;
280.5,	268.5,	1148.469,	192.377;
282.5,	269.5,	1148.472,	189.589;
283.5,	272.5,	1148.468,	187.182;
285.5,	269.5,	1148.465,	184.792;
288.5,	273.5,	1148.468,	182.378;
289.5,	272.5,	1148.466,	179.582;
290.5,	269.5,	1148.465,	177.585;
291.5,	268.5,	1148.469,	174.784;
292.5,	270.5,	1148.471,	172.383;
294.5,	269.5,	1148.467,	169.644;
296.5,	269.5,	1148.467,	168.272;
296.5,	270.5,	1148.464,	167.822;
297.5,	269.5,	1148.464,	167.699;
296.5,	270.5,	1148.462,	167.688;
297.5,	269.5,	1148.463,	167.683;
297.5,	269.5,	1148.463,	167.68;
296.5,	270.5,	1148.465,	167.678;
296.5,	270.5,	1148.466,	167.675;
296.5,	270.5,	1148.466,	167.674;
297.5,	269.5,	1148.467,	167.674;
297.5,	269.5,	1148.467,	167.673;
300.5,	274.5,	1148.467,	167.67;
297.5,	269.5,	1148.465,	167.612;
297.5,	269.5,	1148.467,	167.395;
297.5,	273.5,	1148.465,	166.988;
297.5,	269.5,	1148.469,	166.104;
297.5,	271.5,	1148.471,	165.031;
298.5,	270.5,	1148.468,	163.677;
299.5,	270.5,	1148.469,	162.009;
300.5,	270.5,	1148.465,	159.683;
301.5,	271.5,	1148.466,	157.462;
304.5,	272.5,	1148.467,	155.101;
305.5,	270.5,	1148.47,	152.727;
306.5,	270.5,	1148.467,	149.932;
308.5,	270.5,	1148.467,	147.538;
310.5,	271.5,	1148.469,	145.131;
312.5,	272.5,	1148.472,	142.737;
312.5,	271.5,	1148.467,	139.948;
314.5,	270.5,	1148.465,	137.54;
315.5,	271.5,	1148.469,	135.14;
318.5,	277.5,	1148.468,	132.738;
319.5,	273.5,	1148.469,	129.944;
321.5,	277.5,	1148.468,	127.528;
323.5,	269.5,	1148.466,	125.141;
324.5,	277.5,	1148.465,	122.333;
325.5,	277.5,	1148.468,	119.941;
327.5,	273.5,	1148.469,	117.527;
329.5,	270.5,	1148.468,	115.13;
330.5,	273.5,	1148.467,	112.329;
335.5,	274.5,	1148.469,	109.933;
333.5,	273.5,	1148.47,	107.528;
335.5,	271.5,	1148.47,	105.135;
336.5,	271.5,	1148.47,	102.331;
338.5,	271.5,	1148.468,	99.933;
339.5,	273.5,	1148.465,	97.529;
341.5,	271.5,	1148.465,	95.142;
342.5,	272.5,	1148.465,	92.735;
345.5,	273.5,	1148.47,	89.933;
344.5,	273.5,	1148.469,	87.537;
348.5,	273.5,	1148.467,	85.141;
349.5,	271.5,	1148.466,	82.338;
351.5,	273.5,	1148.466,	79.932;
353.5,	278.5,	1148.466,	77.544;
356.5,	274.5,	1148.468,	75.13;
356.5,	273.5,	1148.469,	72.337;
357.5,	274.5,	1148.469,	69.922;
358.5,	271.5,	1148.468,	67.544;
360.5,	274.5,	1148.468,	65.123;
362.5,	273.5,	1148.469,	62.328;
363.5,	274.5,	1148.467,	59.924;
367.5,	274.5,	1148.466,	57.536;
366.5,	274.5,	1148.467,	55.122;
369.5,	274.5,	1148.468,	52.331;
369.5,	274.5,	1148.467,	49.938;
371.5,	274.5,	1148.467,	47.532;
374.5,	274.5,	1148.468,	45.134;
374.5,	274.5,	1148.468,	42.33;
375.5,	272.5,	1148.468,	39.946;
377.5,	273.5,	1148.468,	37.526;
379.5,	271.5,	1148.468,	35.139;
382.5,	274.5,	1148.467,	32.326;
384.5,	274.5,	1148.467,	29.938;
385.5,	274.5,	1148.467,	27.522;
385.5,	275.5,	1148.468,	25.129;
388.5,	275.5,	1148.467,	22.328;
389.5,	279.5,	1148.468,	19.923;
389.5,	275.5,	1148.467,	17.523;
391.5,	272.5,	1148.467,	15.122;
393.5,	275.5,	1148.467,	12.334;
394.5,	274.5,	1148.467,	9.922;
396.5,	275.5,	1148.467,	7.53;
398.5,	274.5,	1148.468,	5.125;
399.5,	275.5,	1148.468,	2.328;
401.5,	274.5,	1148.468,	-0.071;
402.5,	275.5,	1148.466,	-2.454;
404.5,	274.5,	1148.467,	-4.867;
405.5,	275.5,	1148.471,	-7.666;
409.5,	279.5,	1148.474,	-10.078;
409.5,	275.5,	1148.478,	-14.874;
411.5,	275.5,	1148.475,	-17.678;
412.5,	275.5,	1148.474,	-20.083;
414.5,	275.5,	1148.473,	-22.473;
416.5,	274.5,	1148.472,	-24.881;
418.5,	275.5,	1148.471,	-27.676;
419.5,	275.5,	1148.47,	-30.078;
422.5,	276.5,	1148.469,	-32.469;
422.5,	275.5,	1148.469,	-34.873;
424.5,	276.5,	1148.468,	-37.272;
425.5,	273.5,	1148.468,	-40.069;
431.5,	275.5,	1148.467,	-42.478;
428.5,	275.5,	1148.466,	-44.872;
433.5,	279.5,	1148.466,	-50.058;
433.5,	275.5,	1148.467,	-52.483;
434.5,	276.5,	1148.467,	-54.867;
436.5,	276.5,	1148.467,	-57.282;
438.5,	276.5,	1148.467,	-60.072;
439.5,	276.5,	1148.466,	-62.487;
441.5,	277.5,	1148.467,	-64.874;
445.5,	280.5,	1148.467,	-67.679;
444.5,	276.5,	1148.466,	-70.086;
446.5,	275.5,	1148.467,	-72.481;
447.5,	274.5,	1148.468,	-74.884;
449.5,	274.5,	1148.468,	-77.664;
450.5,	276.5,	1148.468,	-80.084;
456.5,	276.5,	1148.469,	-82.468;
453.5,	277.5,	1148.468,	-84.88;
454.5,	277.5,	1148.468,	-87.67;
456.5,	277.5,	1148.468,	-90.078;
458.5,	274.5,	1148.467,	-92.465;
460.5,	277.5,	1148.468,	-94.865;
461.5,	274.5,	1148.468,	-97.67;
463.5,	274.5,	1148.469,	-100.066;
467.5,	281.5,	1148.469,	-102.465;
466.5,	277.5,	1148.468,	-104.866;
470.5,	281.5,	1148.466,	-107.68;
476.5,	276.5,	1148.465,	-110.071;
471.5,	275.5,	1148.465,	-112.471;
473.5,	276.5,	1148.467,	-114.869;
477.5,	277.5,	1148.468,	-117.676;
475.5,	274.5,	1148.469,	-120.065;
476.5,	277.5,	1148.468,	-122.465;
479.5,	277.5,	1148.468,	-125.263;
480.5,	275.5,	1148.469,	-127.665;
482.5,	275.5,	1148.47,	-130.057;
486.5,	278.5,	1148.468,	-132.463;
484.5,	278.5,	1148.466,	-135.26;
489.5,	278.5,	1148.468,	-137.661;
490.5,	281.5,	1148.468,	-140.048;
489.5,	278.5,	1148.468,	-142.857;
491.5,	278.5,	1148.467,	-145.243;
493.5,	275.5,	1148.467,	-147.657;
494.5,	277.5,	1148.467,	-150.05;
496.5,	275.5,	1148.467,	-152.867;
496.5,	278.5,	1148.467,	-155.26;
499.5,	276.5,	1148.469,	-157.256;
500.5,	276.5,	1148.468,	-160.056;
502.5,	278.5,	1148.467,	-162.859;
507.5,	278.5,	1148.466,	-165.265;
506.5,	278.5,	1148.466,	-167.645;
506.5,	278.5,	1148.465,	-169.679;
507.5,	278.5,	1148.467,	-170.544;
511.5,	279.5,	1148.468,	-170.812;
508.5,	276.5,	1148.47,	-170.85;
508.5,	276.5,	1148.47,	-170.885;
508.5,	276.5,	1148.465,	-171.051;
508.5,	276.5,	1148.465,	-171.48;
507.5,	280.5,	1148.465,	-172.15;
512.5,	279.5,	1148.463,	-173.114;
508.5,	280.5,	1148.465,	-173.915;
511.5,	276.5,	1148.465,	-174.248;
515.5,	277.5,	1148.469,	-174.292;
515.5,	277.5,	1148.469,	-174.303;
515.5,	277.5,	1148.467,	-174.36;
510.5,	278.5,	1148.464,	-174.551;
510.5,	278.5,	1148.463,	-174.939;
509.5,	280.5,	1148.463,	-175.605;
512.5,	276.5,	1148.463,	-176.768;
512.5,	278.5,	1148.464,	-178.097;
515.5,	282.5,	1148.466,	-179.741;
517.5,	279.5,	1148.467,	-181.646;
516.5,	277.5,	1148.469,	-183.823;
517.5,	276.5,	1148.47,	-186.516;
518.5,	278.5,	1148.47,	-188.92;
520.5,	276.5,	1148.466,	-191.3;
522.5,	276.5,	1148.465,	-193.714;
526.5,	282.5,	1148.467,	-196.495;
524.5,	279.5,	1148.469,	-198.919;
526.5,	277.5,	1148.464,	-201.305;
530.5,	278.5,	1148.466,	-204.11;
530.5,	276.5,	1148.469,	-206.511;
534.5,	282.5,	1148.468,	-208.912;
537.5,	278.5,	1148.468,	-211.309;
535.5,	280.5,	1148.465,	-216.511;
542.5,	278.5,	1148.466,	-218.907;
539.5,	279.5,	1148.469,	-221.307;
540.5,	279.5,	1148.469,	-223.703;
542.5,	277.5,	1148.468,	-226.51;
544.5,	277.5,	1148.468,	-228.903;
545.5,	279.5,	1148.468,	-231.307;
547.5,	277.5,	1148.469,	-233.703;
554.5,	278.5,	1148.465,	-236.516;
552.5,	283.5,	1148.465,	-238.905;
554.5,	279.5,	1148.469,	-241.313;
553.5,	277.5,	1148.467,	-243.713;
558.5,	283.5,	1148.465,	-246.519;
556.5,	280.5,	1148.467,	-248.909;
561.5,	283.5,	1148.466,	-251.313;
559.5,	280.5,	1148.466,	-253.707;
564.5,	283.5,	1148.465,	-256.515;
568.5,	279.5,	1148.467,	-258.904;
567.5,	283.5,	1148.47,	-261.313;
565.5,	278.5,	1148.466,	-263.703;
571.5,	284.5,	1148.467,	-266.512;
569.5,	278.5,	1148.468,	-268.901;
570.5,	277.5,	1148.47,	-271.312;
573.5,	278.5,	1148.467,	-274.112;
576.5,	284.5,	1148.467,	-276.51;
575.5,	278.5,	1148.469,	-278.907;
580.5,	285.5,	1148.467,	-281.303;
578.5,	276.5,	1148.465,	-284.115;
580.5,	278.5,	1148.467,	-286.503;
582.5,	279.5,	1148.467,	-288.923;
589.5,	279.5,	1148.465,	-291.304;
588.5,	284.5,	1148.468,	-293.722;
586.5,	281.5,	1148.465,	-296.504;
591.5,	284.5,	1148.465,	-298.921;
593.5,	282.5,	1148.466,	-301.311;
591.5,	279.5,	1148.468,	-303.726;
598.5,	280.5,	1148.465,	-306.511;
598.5,	287.5,	1148.468,	-308.914;
596.5,	279.5,	1148.464,	-311.307;
597.5,	278.5,	1148.466,	-313.719;
606.5,	280.5,	1148.466,	-316.514;
604.5,	286.5,	1148.471,	-318.906;
602.5,	280.5,	1148.467,	-321.313;
608.5,	285.5,	1148.469,	-324.11;
608.5,	285.5,	1148.47,	-326.51;
611.5,	286.5,	1148.469,	-328.9;
609.5,	278.5,	1148.468,	-331.722;
614.5,	285.5,	1148.469,	-334.113;
615.5,	283.5,	1148.468,	-336.512;
617.5,	285.5,	1148.472,	-338.904;
615.5,	277.5,	1148.465,	-341.695;
619.5,	282.5,	1148.468,	-343.35;
620.5,	282.5,	1148.464,	-343.963;
619.5,	278.5,	1148.465,	-344.138;
618.5,	277.5,	1148.471,	-344.161;
618.5,	277.5,	1148.472,	-344.164;
618.5,	277.5,	1148.47,	-344.166;
619.5,	278.5,	1148.468,	-344.169;
619.5,	278.5,	1148.466,	-344.172;
619.5,	278.5,	1148.465,	-344.174;
619.5,	278.5,	1148.464,	-344.175;
618.5,	277.5,	1148.464,	-344.175;
618.5,	277.5,	1148.464,	-344.175;
618.5,	277.5,	1148.464,	-344.175;
611.5,	287.5,	1148.464,	-344.175;
618.5,	277.5,	1148.464,	-344.174;
618.5,	277.5,	1148.465,	-344.174;
618.5,	277.5,	1148.464,	-344.175;
618.5,	277.5,	1148.464,	-344.174;
619.5,	278.5,	1148.464,	-344.174;
618.5,	277.5,	1148.464,	-344.174;
619.5,	278.5,	1148.465,	-344.174;
618.5,	277.5,	1148.465,	-344.174;
618.5,	277.5,	1148.465,	-344.174;
618.5,	277.5,	1148.465,	-344.173;
618.5,	277.5,	1148.465,	-344.173;
618.5,	277.5,	1148.465,	-344.173;
618.5,	277.5,	1148.465,	-344.173;
618.5,	277.5,	1148.465,	-344.173;
618.5,	277.5,	1148.465,	-344.173;
618.5,	277.5,	1148.465,	-344.173;
618.5,	277.5,	1148.465,	-344.173;
619.5,	278.5,	1148.465,	-344.173;
619.5,	278.5,	1148.465,	-344.174;
618.5,	277.5,	1148.465,	-344.174;
619.5,	278.5,	1148.465,	-344.173;
618.5,	277.5,	1148.465,	-344.173;
619.5,	278.5,	1148.465,	-344.174;
618.5,	277.5,	1148.465,	-344.173;
618.5,	277.5,	1148.465,	-344.173;
619.5,	278.5,	1148.465,	-344.173;
618.5,	277.5,	1148.465,	-344.173;
618.5,	277.5,	1148.465,	-344.172;
619.5,	278.5,	1148.43,	-344.163;
618.5,	277.5,	1148.244,	-344.155;
620.5,	280.5,	1147.84,	-344.181;
621.5,	285.5,	1147.161,	-344.192;
619.5,	279.5,	1146.197,	-344.182;
621.5,	287.5,	1144.685,	-344.179;
617.5,	279.5,	1143.058,	-344.16;
622.5,	292.5,	1141.131,	-344.176;
620.5,	290.5,	1138.963,	-344.178;
618.5,	284.5,	1136.257,	-344.179;
620.5,	293.5,	1133.875,	-344.171;
617.5,	287.5,	1131.474,	-344.182;
620.5,	297.5,	1129.078,	-344.179;
615.5,	288.5,	1126.283,	-344.171;
619.5,	299.5,	1123.878,	-344.185;
616.5,	293.5,	1121.477,	-344.185;
615.5,	295.5,	1119.081,	-344.168;
623.5,	298.5,	1116.679,	-344.178;
618.5,	301.5,	1114.28,	-344.171;
618.5,	307.5,	1111.481,	-344.165;
618.5,	309.5,	1109.078,	-344.175;
613.5,	299.5,	1106.279,	-344.175;
612.5,	301.5,	1103.878,	-344.174;
612.5,	302.5,	1101.475,	-344.181;
620.5,	308.5,	1099.079,	-344.18;
612.5,	305.5,	1096.679,	-344.172;
621.5,	310.5,	1093.876,	-344.176;
615.5,	316.5,	1091.479,	-344.173;
612.5,	311.5,	1089.079,	-344.173;
616.5,	322.5,	1086.679,	-344.172;
610.5,	311.5,	1083.881,	-344.176;
615.5,	325.5,	1081.479,	-344.174;
615.5,	326.5,	1079.081,	-344.175;
613.5,	326.5,	1076.677,	-344.176;
609.5,	317.5,	1073.878,	-344.18;
609.5,	318.5,	1071.475,	-344.177;
616.5,	325.5,	1069.081,	-344.175;
608.5,	321.5,	1066.675,	-344.177;
613.5,	335.5,	1063.877,	-344.173;
608.5,	326.5,	1061.746,	-344.169;
607.5,	325.5,	1060.747,	-344.181;
607.5,	325.5,	1060.456,	-344.17;
612.5,	332.5,	1060.383,	-344.159;
612.5,	336.5,	1060.369,	-344.163;
612.5,	332.5,	1060.365,	-344.166;
608.5,	328.5,	1060.359,	-344.169;
609.5,	326.5,	1060.297,	-344.167;
612.5,	337.5,	1060.096,	-344.18;
607.5,	326.5,	1059.65,	-344.194;
608.5,	327.5,	1058.772,	-344.182;
612.5,	338.5,	1057.703,	-344.176;
609.5,	330.5,	1056.447,	-344.177;
608.5,	330.5,	1055.734,	-344.169;
608.5,	329.5,	1055.498,	-344.15;
611.5,	339.5,	1055.451,	-344.155;
612.5,	340.5,	1055.439,	-344.163;
612.5,	340.5,	1055.434,	-344.17;
612.5,	340.5,	1055.434,	-344.172;
612.5,	340.5,	1055.434,	-344.175;
612.5,	340.5,	1055.434,	-344.175;
609.5,	331.5,	1055.434,	-344.178;
612.5,	340.5,	1055.434,	-344.177;
612.5,	340.5,	1055.435,	-344.176;
612.5,	340.5,	1055.435,	-344.176;
612.5,	340.5,	1055.435,	-344.178;
612.5,	340.5,	1055.435,	-344.177;
612.5,	340.5,	1055.435,	-344.176;
612.5,	340.5,	1055.435,	-344.175;
612.5,	340.5,	1055.435,	-344.175;
612.5,	340.5,	1055.435,	-344.176;
612.5,	340.5,	1055.436,	-344.175;
612.5,	340.5,	1055.435,	-344.176;
612.5,	340.5,	1055.435,	-344.175;
612.5,	340.5,	1055.435,	-344.175;
612.5,	340.5,	1055.435,	-344.176;
612.5,	340.5,	1055.435,	-344.175;
612.5,	340.5,	1055.429,	-344.168;
612.5,	340.5,	1055.409,	-344.08;
608.5,	329.5,	1055.425,	-343.721;
606.5,	328.5,	1055.432,	-343.132;
608.5,	331.5,	1055.432,	-342.094;
611.5,	340.5,	1055.434,	-340.866;
610.5,	340.5,	1055.431,	-339.348;
605.5,	329.5,	1055.441,	-337.504;
607.5,	340.5,	1055.436,	-335.04;
602.5,	330.5,	1055.445,	-332.744;
600.5,	327.5,	1055.437,	-330.374;
599.5,	330.5,	1055.438,	-327.978;
592.5,	338.5,	1055.438,	-325.181;
602.5,	333.5,	1055.436,	-322.794;
594.5,	329.5,	1055.435,	-320.384;
597.5,	339.5,	1055.438,	-317.989;
590.5,	327.5,	1055.433,	-315.175;
590.5,	332.5,	1055.434,	-312.803;
594.5,	333.5,	1055.438,	-310.374;
591.5,	339.5,	1055.437,	-307.996;
592.5,	332.5,	1055.439,	-305.182;
584.5,	328.5,	1055.436,	-302.798;
581.5,	327.5,	1055.439,	-300.378;
581.5,	328.5,	1055.437,	-297.984;
584.5,	333.5,	1055.442,	-295.182;
577.5,	330.5,	1055.442,	-292.765;
577.5,	331.5,	1055.44,	-290.381;
574.5,	328.5,	1055.436,	-287.969;
576.5,	337.5,	1055.437,	-285.198;
571.5,	328.5,	1055.436,	-282.773;
570.5,	331.5,	1055.435,	-280.391;
574.5,	332.5,	1055.439,	-277.982;
570.5,	336.5,	1055.436,	-275.189;
571.5,	332.5,	1055.438,	-272.783;
563.5,	328.5,	1055.436,	-270.381;
562.5,	329.5,	1055.437,	-267.988;
557.5,	335.5,	1055.438,	-265.176;
566.5,	331.5,	1055.438,	-262.792;
558.5,	327.5,	1055.439,	-260.383;
559.5,	331.5,	1055.44,	-257.985;
560.5,	332.5,	1055.438,	-255.172;
554.5,	328.5,	1055.438,	-253.174;
557.5,	332.5,	1055.433,	-250.378;
555.5,	332.5,	1055.44,	-247.986;
549.5,	329.5,	1055.435,	-245.174;
553.5,	331.5,	1055.436,	-242.788;
550.5,	332.5,	1055.439,	-240.379;
550.5,	331.5,	1055.437,	-237.983;
547.5,	332.5,	1055.437,	-235.178;
542.5,	329.5,	1055.437,	-232.778;
545.5,	331.5,	1055.439,	-230.372;
541.5,	335.5,	1055.441,	-227.974;
542.5,	331.5,	1055.437,	-225.193;
540.5,	332.5,	1055.437,	-222.782;
534.5,	329.5,	1055.438,	-220.39;
532.5,	326.5,	1055.44,	-217.977;
533.5,	330.5,	1055.433,	-215.187;
529.5,	326.5,	1055.439,	-212.773;
525.5,	333.5,	1055.438,	-210.379;
526.5,	329.5,	1055.435,	-207.97;
524.5,	329.5,	1055.441,	-205.172;
523.5,	329.5,	1055.442,	-202.773;
521.5,	327.5,	1055.436,	-200.386;
517.5,	333.5,	1055.432,	-197.985;
524.5,	330.5,	1055.437,	-195.182;
517.5,	329.5,	1055.438,	-192.774;
516.5,	329.5,	1055.436,	-190.385;
511.5,	333.5,	1055.438,	-187.973;
518.5,	330.5,	1055.439,	-185.166;
508.5,	333.5,	1055.436,	-182.786;
510.5,	327.5,	1055.44,	-180.36;
513.5,	330.5,	1055.439,	-177.588;
506.5,	328.5,	1055.436,	-175.171;
503.5,	332.5,	1055.434,	-172.791;
503.5,	328.5,	1055.439,	-170.376;
507.5,	330.5,	1055.443,	-167.565;
500.5,	328.5,	1055.439,	-165.181;
496.5,	332.5,	1055.439,	-162.761;
497.5,	328.5,	1055.437,	-160.382;
493.5,	332.5,	1055.438,	-157.574;
491.5,	332.5,	1055.437,	-155.182;
497.5,	330.5,	1055.435,	-152.767;
488.5,	332.5,	1055.438,	-150.379;
489.5,	329.5,	1055.439,	-147.579;
485.5,	332.5,	1055.44,	-145.171;
487.5,	328.5,	1055.435,	-142.776;
482.5,	332.5,	1055.431,	-140.381;
484.5,	328.5,	1055.439,	-137.578;
482.5,	330.5,	1055.44,	-135.167;
481.5,	326.5,	1055.439,	-132.778;
484.5,	329.5,	1055.437,	-130.365;
478.5,	326.5,	1055.439,	-127.975;
476.5,	328.5,	1055.439,	-125.179;
474.5,	325.5,	1055.436,	-122.785;
473.5,	328.5,	1055.438,	-120.375;
470.5,	328.5,	1055.436,	-115.178;
473.5,	329.5,	1055.438,	-112.765;
464.5,	331.5,	1055.441,	-110.374;
470.5,	329.5,	1055.436,	-107.583;
461.5,	331.5,	1055.436,	-105.179;
462.5,	325.5,	1055.436,	-102.774;
458.5,	331.5,	1055.437,	-100.372;
464.5,	329.5,	1055.439,	-97.567;
458.5,	327.5,	1055.44,	-95.174;
458.5,	333.5,	1055.44,	-92.764;
455.5,	327.5,	1055.439,	-90.386;
453.5,	327.5,	1055.439,	-87.573;
452.5,	327.5,	1055.437,	-85.176;
450.5,	325.5,	1055.436,	-82.779;
449.5,	327.5,	1055.437,	-80.367;
452.5,	329.5,	1055.437,	-77.583;
450.5,	329.5,	1055.438,	-75.175;
449.5,	328.5,	1055.437,	-72.795;
446.5,	329.5,	1055.437,	-70.376;
441.5,	327.5,	1055.437,	-67.58;
436.5,	329.5,	1055.435,	-65.184;
441.5,	328.5,	1055.436,	-62.77;
441.5,	328.5,	1055.435,	-60.385;
435.5,	327.5,	1055.437,	-57.585;
438.5,	328.5,	1055.438,	-55.188;
430.5,	328.5,	1055.437,	-52.78;
435.5,	328.5,	1055.438,	-50.388;
430.5,	327.5,	1055.439,	-47.58;
432.5,	328.5,	1055.438,	-45.183;
427.5,	327.5,	1055.438,	-42.787;
429.5,	328.5,	1055.437,	-40.392;
423.5,	326.5,	1055.438,	-37.596;
426.5,	328.5,	1055.438,	-35.18;
424.5,	328.5,	1055.437,	-32.794;
423.5,	328.5,	1055.436,	-30.376;
421.5,	328.5,	1055.436,	-27.598;
420.5,	328.5,	1055.437,	-25.205;
418.5,	327.5,	1055.437,	-22.793;
412.5,	327.5,	1055.437,	-20.397;
412.5,	332.5,	1055.437,	-17.588;
410.5,	323.5,	1055.437,	-15.193;
408.5,	326.5,	1055.437,	-12.795;
407.5,	323.5,	1055.438,	-10.395;
408.5,	327.5,	1055.437,	-7.598;
403.5,	325.5,	1055.437,	-5.191;
406.5,	327.5,	1055.438,	-3.188;
405.5,	327.5,	1055.438,	-0.396;
399.5,	332.5,	1055.435,	2.397;
399.5,	327.5,	1055.436,	4.791;
401.5,	327.5,	1055.44,	7.193;
394.5,	326.5,	1055.444,	9.598;
397.5,	327.5,	1055.446,	12.407;
391.5,	326.5,	1055.447,	14.808;
394.5,	327.5,	1055.445,	17.191;
389.5,	327.5,	1055.444,	19.598;
387.5,	322.5,	1055.442,	21.988;
385.5,	323.5,	1055.441,	24.794;
383.5,	325.5,	1055.44,	27.194;
383.5,	327.5,	1055.439,	29.605;
382.5,	331.5,	1055.44,	32.386;
377.5,	325.5,	1055.439,	37.198;
377.5,	327.5,	1055.438,	39.585;
375.5,	324.5,	1055.437,	42.408;
374.5,	327.5,	1055.437,	44.79;
372.5,	325.5,	1055.436,	47.2;
373.5,	326.5,	1055.436,	49.577;
369.5,	331.5,	1055.437,	52.379;
367.5,	325.5,	1055.438,	54.792;
363.5,	326.5,	1055.438,	57.177;
364.5,	325.5,	1055.439,	59.602;
363.5,	322.5,	1055.438,	62.382;
364.5,	326.5,	1055.438,	64.784;
360.5,	322.5,	1055.438,	67.179;
361.5,	326.5,	1055.438,	69.983;
357.5,	327.5,	1055.437,	72.383;
359.5,	326.5,	1055.437,	74.785;
353.5,	321.5,	1055.436,	77.195;
356.5,	326.5,	1055.437,	79.977;
352.5,	326.5,	1055.437,	82.379;
349.5,	323.5,	1055.438,	84.777;
351.5,	327.5,	1055.438,	87.188;
350.5,	326.5,	1055.438,	89.977;
345.5,	326.5,	1055.436,	92.386;
342.5,	324.5,	1055.437,	94.78;
342.5,	324.5,	1055.437,	97.166;
339.5,	324.5,	1055.436,	99.976;
340.5,	326.5,	1055.437,	102.37;
341.5,	326.5,	1055.438,	104.78;
337.5,	326.5,	1055.442,	107.17;
334.5,	321.5,	1055.44,	109.979;
334.5,	326.5,	1055.437,	112.374;
332.5,	326.5,	1055.437,	114.764;
330.5,	330.5,	1055.437,	117.169;
329.5,	326.5,	1055.438,	119.978;
330.5,	326.5,	1055.438,	121.968;
326.5,	326.5,	1055.437,	124.786;
324.5,	320.5,	1055.435,	127.176;
323.5,	326.5,	1055.437,	129.966;
321.5,	330.5,	1055.44,	132.358;
319.5,	330.5,	1055.44,	134.763;
318.5,	330.5,	1055.437,	137.171;
317.5,	326.5,	1055.438,	139.958;
318.5,	326.5,	1055.437,	142.383;
313.5,	323.5,	1055.439,	144.766;
315.5,	326.5,	1055.44,	147.172;
313.5,	326.5,	1055.438,	149.962;
309.5,	326.5,	1055.437,	152.357;
310.5,	326.5,	1055.436,	154.767;
306.5,	326.5,	1055.439,	157.152;
299.5,	324.5,	1055.436,	159.979;
302.5,	327.5,	1055.436,	162.365;
302.5,	325.5,	1055.439,	164.769;
298.5,	322.5,	1055.44,	167.16;
299.5,	325.5,	1055.437,	169.96;
295.5,	322.5,	1055.436,	172.352;
296.5,	325.5,	1055.437,	174.762;
292.5,	323.5,	1055.439,	177.158;
295.5,	325.5,	1055.437,	179.959;
289.5,	322.5,	1055.435,	182.357;
289.5,	319.5,	1055.434,	184.753;
286.5,	322.5,	1055.437,	187.164;
285.5,	321.5,	1055.441,	189.938;
284.5,	320.5,	1055.436,	192.365;
277.5,	323.5,	1055.438,	194.746;
280.5,	329.5,	1055.437,	197.161;
280.5,	325.5,	1055.436,	199.958;
278.5,	319.5,	1055.437,	202.359;
277.5,	325.5,	1055.435,	204.763;
275.5,	320.5,	1055.438,	207.147;
273.5,	320.5,	1055.437,	209.955;
272.5,	320.5,	1055.44,	212.342;
270.5,	320.5,	1055.438,	214.742;
268.5,	321.5,	1055.44,	217.145;
267.5,	320.5,	1055.439,	219.955;
266.5,	320.5,	1055.435,	222.354;
268.5,	325.5,	1055.436,	224.748;
263.5,	324.5,	1055.437,	227.153;
261.5,	320.5,	1055.437,	229.95;
260.5,	320.5,	1055.438,	232.329;
258.5,	320.5,	1055.438,	234.748;
259.5,	325.5,	1055.441,	237.131;
255.5,	320.5,	1055.438,	239.947;
253.5,	318.5,	1055.439,	242.331;
251.5,	319.5,	1055.436,	244.749;
250.5,	318.5,	1055.439,	247.14;
248.5,	321.5,	1055.436,	249.942;
248.5,	320.5,	1055.434,	252.352;
245.5,	320.5,	1055.438,	254.741;
244.5,	318.5,	1055.437,	257.15;
243.5,	320.5,	1055.441,	259.927;
242.5,	320.5,	1055.437,	262.348;
240.5,	320.5,	1055.437,	264.721;
238.5,	319.5,	1055.442,	267.127;
235.5,	327.5,	1055.436,	269.932;
235.5,	319.5,	1055.437,	272.335;
234.5,	320.5,	1055.438,	274.737;
232.5,	318.5,	1055.439,	277.529;
231.5,	322.5,	1055.434,	279.944;
229.5,	319.5,	1055.434,	282.329;
228.5,	319.5,	1055.441,	284.739;
226.5,	319.5,	1055.434,	287.133;
224.5,	319.5,	1055.44,	289.937;
224.5,	322.5,	1055.438,	292.327;
221.5,	319.5,	1055.439,	294.732;
219.5,	319.5,	1055.436,	297.127;
220.5,	324.5,	1055.437,	299.927;
216.5,	317.5,	1055.441,	302.32;
217.5,	324.5,	1055.44,	304.728;
214.5,	319.5,	1055.435,	307.527;
214.5,	324.5,	1055.436,	309.925;
210.5,	320.5,	1055.442,	312.32;
209.5,	319.5,	1055.432,	314.728;
208.5,	319.5,	1055.44,	317.528;
206.5,	319.5,	1055.435,	319.918;
205.5,	315.5,	1055.439,	322.322;
204.5,	316.5,	1055.438,	324.722;
201.5,	316.5,	1055.438,	327.529;
199.5,	318.5,	1055.438,	329.914;
198.5,	319.5,	1055.437,	332.327;
196.5,	317.5,	1055.435,	334.724;
195.5,	319.5,	1055.437,	337.525;
195.5,	316.5,	1055.439,	339.913;
192.5,	319.5,	1055.437,	342.327;
192.5,	316.5,	1055.436,	344.715;
189.5,	315.5,	1055.442,	347.519;
187.5,	315.5,	1055.44,	349.902;
186.5,	319.5,	1055.441,	352.319;
185.5,	315.5,	1055.44,	354.704;
184.5,	316.5,	1055.444,	357.503;
181.5,	318.5,	1055.438,	359.897;
180.5,	319.5,	1055.44,	362.311;
178.5,	318.5,	1055.436,	364.702;
176.5,	317.5,	1055.439,	367.489;
174.5,	319.5,	1055.437,	369.209;
174.5,	318.5,	1055.435,	369.793;
174.5,	319.5,	1055.435,	370.037;
173.5,	317.5,	1055.441,	370.064;
174.5,	315.5,	1055.442,	370.064;
174.5,	315.5,	1055.44,	370.066;
174.5,	315.5,	1055.438,	370.068;
174.5,	315.5,	1055.436,	370.071;
174.5,	315.5,	1055.435,	370.072;
174.5,	315.5,	1055.435,	370.073;
174.5,	315.5,	1055.434,	370.073;
174.5,	315.5,	1055.434,	370.073;
174.5,	315.5,	1055.434,	370.073;
174.5,	315.5,	1055.434,	370.073;
174.5,	319.5,	1055.434,	370.073;
174.5,	315.5,	1055.434,	370.073;
174.5,	319.5,	1055.434,	370.073;
174.5,	315.5,	1055.434,	370.073;
174.5,	319.5,	1055.434,	370.073;
174.5,	315.5,	1055.434,	370.072;
174.5,	315.5,	1055.434,	370.073;
174.5,	315.5,	1055.434,	370.072;
174.5,	315.5,	1055.435,	370.073;
174.5,	315.5,	1055.434,	370.072;
174.5,	314.5,	1055.435,	370.073;
174.5,	319.5,	1055.434,	370.073;
174.5,	315.5,	1055.435,	370.072;
174.5,	315.5,	1055.435,	370.072;
174.5,	315.5,	1055.434,	370.072;
174.5,	319.5,	1055.435,	370.072;
174.5,	315.5,	1055.435,	370.072;
174.5,	315.5,	1055.435,	370.072;
174.5,	315.5,	1055.435,	370.072;
174.5,	319.5,	1055.435,	370.072;
174.5,	315.5,	1055.435,	370.071;
174.5,	315.5,	1055.435,	370.072;
174.5,	315.5,	1055.435,	370.072;
174.5,	319.5,	1055.435,	370.072;
174.5,	315.5,	1055.435,	370.072;
174.5,	319.5,	1055.435,	370.072;
174.5,	319.5,	1055.435,	370.072;
174.5,	319.5,	1055.435,	370.072;
174.5,	315.5,	1055.435,	370.072;
174.5,	319.5,	1055.435,	370.072;
174.5,	315.5,	1055.435,	370.072;
174.5,	319.5,	1055.435,	370.072;
174.5,	319.5,	1055.435,	370.072;
174.5,	319.5,	1055.435,	370.073;
174.5,	319.5,	1055.435,	370.072;
174.5,	315.5,	1055.435,	370.071;
174.5,	315.5,	1055.435,	370.072;
174.5,	315.5,	1055.437,	370.073;
174.5,	319.5,	1055.486,	370.088;
174.5,	314.5,	1055.692,	370.118;
173.5,	318.5,	1056.13,	370.107;
174.5,	315.5,	1056.862,	370.088;
174.5,	317.5,	1057.89,	370.067;
174.5,	314.5,	1059.472,	370.063;
173.5,	316.5,	1061.15,	370.06;
173.5,	315.5,	1063.11,	370.083;
173.5,	311.5,	1065.319,	370.07;
172.5,	313.5,	1068.044,	370.076;
173.5,	308.5,	1070.427,	370.089;
173.5,	306.5,	1072.829,	370.071;
172.5,	308.5,	1075.228,	370.071;
173.5,	304.5,	1078.027,	370.071;
174.5,	303.5,	1080.429,	370.068;
172.5,	304.5,	1082.825,	370.079;
172.5,	303.5,	1085.228,	370.064;
172.5,	298.5,	1088.026,	370.062;
172.5,	297.5,	1090.425,	370.08;
172.5,	296.5,	1092.827,	370.067;
172.5,	295.5,	1095.587,	370.072;
172.5,	294.5,	1097.093,	370.075;
172.5,	290.5,	1097.612,	370.069;
172.5,	290.5,	1097.741,	370.087;
171.5,	294.5,	1097.775,	370.085;
171.5,	294.5,	1097.783,	370.079;
171.5,	294.5,	1097.787,	370.075;
171.5,	294.5,	1097.787,	370.074;
171.5,	294.5,	1097.786,	370.072;
171.5,	294.5,	1097.786,	370.071;
171.5,	294.5,	1097.786,	370.07;
171.5,	294.5,	1097.786,	370.07;
171.5,	294.5,	1097.785,	370.071;
171.5,	294.5,	1097.785,	370.07;
171.5,	294.5,	1097.782,	370.046;
171.5,	294.5,	1097.78,	369.83;
171.5,	293.5,	1097.777,	369.449;
171.5,	300.5,	1097.776,	368.783;
172.5,	294.5,	1097.779,	367.807;
174.5,	296.5,	1097.785,	366.523;
175.5,	294.5,	1097.784,	364.662;
175.5,	292.5,	1097.784,	362.74;
177.5,	290.5,	1097.786,	360.569;
178.5,	293.5,	1097.783,	358.258;
180.5,	291.5,	1097.786,	355.474;
180.5,	294.5,	1097.79,	353.082;
182.5,	291.5,	1097.785,	350.682;
184.5,	292.5,	1097.788,	348.285;
185.5,	293.5,	1097.787,	345.477;
187.5,	292.5,	1097.788,	343.081;
189.5,	292.5,	1097.789,	340.677;
191.5,	293.5,	1097.793,	338.28;
192.5,	295.5,	1097.788,	335.475;
197.5,	302.5,	1097.787,	333.078;
195.5,	295.5,	1097.788,	330.681;
197.5,	293.5,	1097.787,	327.882;
200.5,	300.5,	1097.79,	325.477;
200.5,	295.5,	1097.79,	323.478;
198.5,	296.5,	1097.785,	320.679;
203.5,	295.5,	1097.79,	318.28;
205.5,	293.5,	1097.787,	315.486;
205.5,	295.5,	1097.786,	313.082;
208.5,	295.5,	1097.786,	310.689;
210.5,	299.5,	1097.791,	308.272;
211.5,	295.5,	1097.783,	305.494;
213.5,	293.5,	1097.788,	303.085;
214.5,	293.5,	1097.784,	300.7;
215.5,	296.5,	1097.787,	298.275;
216.5,	300.5,	1097.784,	295.498;
219.5,	293.5,	1097.787,	293.082;
221.5,	293.5,	1097.784,	290.698;
222.5,	293.5,	1097.789,	288.281;
224.5,	293.5,	1097.786,	285.49;
225.5,	293.5,	1097.786,	283.084;
227.5,	293.5,	1097.784,	280.686;
227.5,	297.5,	1097.787,	277.877;
230.5,	293.5,	1097.787,	275.483;
231.5,	297.5,	1097.783,	273.087;
233.5,	293.5,	1097.787,	270.671;
234.5,	297.5,	1097.788,	268.283;
236.5,	296.5,	1097.786,	265.474;
237.5,	297.5,	1097.788,	263.085;
239.5,	296.5,	1097.786,	260.67;
240.5,	297.5,	1097.788,	258.289;
242.5,	296.5,	1097.785,	255.474;
243.5,	297.5,	1097.79,	253.078;
245.5,	296.5,	1097.792,	250.67;
246.5,	297.5,	1097.788,	248.28;
251.5,	301.5,	1097.788,	245.479;
249.5,	302.5,	1097.786,	243.09;
252.5,	294.5,	1097.785,	241.482;
252.5,	296.5,	1097.784,	240.917;
253.5,	294.5,	1097.783,	240.747;
256.5,	302.5,	1097.78,	240.734;
253.5,	294.5,	1097.779,	240.73;
253.5,	294.5,	1097.781,	240.727;
253.5,	294.5,	1097.781,	240.722;
256.5,	302.5,	1097.75,	240.714;
253.5,	294.5,	1097.577,	240.682;
253.5,	301.5,	1097.183,	240.667;
252.5,	297.5,	1096.358,	240.687;
252.5,	298.5,	1095.335,	240.709;
252.5,	298.5,	1094.005,	240.72;
251.5,	300.5,	1092.38,	240.708;
252.5,	300.5,	1090.113,	240.716;
252.5,	301.5,	1087.905,	240.727;
253.5,	302.5,	1085.573,	240.722;
253.5,	303.5,	1083.19,	240.729;
253.5,	305.5,	1080.397,	240.724;
252.5,	307.5,	1077.999,	240.728;
253.5,	307.5,	1075.597,	240.722;
252.5,	310.5,	1073.2,	240.718;
251.5,	312.5,	1070.4,	240.716;
252.5,	312.5,	1067.995,	240.726;
252.5,	314.5,	1065.595,	240.725;
253.5,	314.5,	1063.198,	240.718;
253.5,	316.5,	1060.4,	240.714;
255.5,	315.5,	1057.995,	240.719;
254.5,	321.5,	1055.595,	240.716;
253.5,	320.5,	1052.8,	240.704;
253.5,	321.5,	1050.4,	240.72;
255.5,	319.5,	1047.996,	240.723;
253.5,	324.5,	1045.594,	240.725;
252.5,	327.5,	1042.797,	240.72;
253.5,	326.5,	1040.396,	240.727;
254.5,	329.5,	1037.999,	240.722;
254.5,	332.5,	1035.608,	240.713;
255.5,	331.5,	1033.664,	240.725;
254.5,	330.5,	1033.12,	240.719;
253.5,	333.5,	1032.978,	240.707;
255.5,	336.5,	1032.944,	240.708;
255.5,	336.5,	1032.935,	240.714;
255.5,	332.5,	1032.933,	240.718;
257.5,	337.5,	1032.932,	240.72;
254.5,	336.5,	1032.928,	240.716;
253.5,	333.5,	1032.919,	240.588;
255.5,	332.5,	1032.923,	240.213;
255.5,	332.5,	1032.931,	239.556;
253.5,	340.5,	1032.935,	238.63;
255.5,	331.5,	1032.935,	237.175;
255.5,	332.5,	1032.935,	235.6;
257.5,	331.5,	1032.935,	233.731;
258.5,	331.5,	1032.934,	231.598;
260.5,	331.5,	1032.934,	228.903;
261.5,	331.5,	1032.939,	226.526;
263.5,	331.5,	1032.938,	224.134;
264.5,	331.5,	1032.936,	221.73;
267.5,	337.5,	1032.937,	219.328;
267.5,	334.5,	1032.937,	216.523;
269.5,	330.5,	1032.935,	214.129;
271.5,	331.5,	1032.939,	211.723;
272.5,	332.5,	1032.937,	208.931;
274.5,	331.5,	1032.936,	206.526;
275.5,	332.5,	1032.937,	204.13;
277.5,	336.5,	1032.939,	201.724;
278.5,	331.5,	1032.937,	198.937;
280.5,	336.5,	1032.937,	196.527;
281.5,	332.5,	1032.937,	194.131;
282.5,	332.5,	1032.936,	191.732;
283.5,	341.5,	1032.936,	188.934;
287.5,	337.5,	1032.94,	186.528;
286.5,	337.5,	1032.939,	184.123;
290.5,	337.5,	1032.935,	181.731;
290.5,	330.5,	1032.937,	178.918;
291.5,	342.5,	1032.94,	176.537;
293.5,	332.5,	1032.938,	174.123;
295.5,	333.5,	1032.937,	171.739;
295.5,	341.5,	1032.937,	168.922;
297.5,	341.5,	1032.936,	166.529;
299.5,	331.5,	1032.936,	164.13;
304.5,	338.5,	1032.937,	161.72;
302.5,	342.5,	1032.936,	158.942;
299.5,	336.5,	1032.938,	156.527;
304.5,	337.5,	1032.937,	154.139;
310.5,	338.5,	1032.935,	151.718;
311.5,	338.5,	1032.937,	148.925;
313.5,	338.5,	1032.939,	146.523;
311.5,	332.5,	1032.938,	144.125;
316.5,	338.5,	1032.936,	141.738;
317.5,	338.5,	1032.936,	138.916;
319.5,	338.5,	1032.938,	136.529;
317.5,	332.5,	1032.938,	134.109;
322.5,	338.5,	1032.936,	131.73;
320.5,	332.5,	1032.937,	128.92;
325.5,	338.5,	1032.937,	126.527;
319.5,	337.5,	1032.936,	124.133;
328.5,	338.5,	1032.939,	121.723;
330.5,	338.5,	1032.938,	118.93;
328.5,	336.5,	1032.936,	116.522;
330.5,	338.5,	1032.935,	114.194;
331.5,	336.5,	1032.935,	112.745;
335.5,	338.5,	1032.932,	112.247;
332.5,	333.5,	1032.932,	112.138;
335.5,	338.5,	1032.932,	112.126;
332.5,	333.5,	1032.932,	112.125;
335.5,	338.5,	1032.933,	112.121;
335.5,	338.5,	1032.934,	112.118;
335.5,	338.5,	1032.924,	112.113;
331.5,	334.5,	1032.824,	112.103;
331.5,	342.5,	1032.487,	112.071;
335.5,	338.5,	1031.911,	112.049;
335.5,	339.5,	1031.029,	112.077;
335.5,	339.5,	1029.853,	112.117;
332.5,	344.5,	1028.102,	112.127;
331.5,	345.5,	1026.273,	112.115;
332.5,	346.5,	1024.179,	112.126;
335.5,	343.5,	1021.9,	112.125;
331.5,	343.5,	1019.538,	112.113;
333.5,	345.5,	1016.744,	112.115;
335.5,	347.5,	1014.347,	112.116;
331.5,	347.5,	1011.949,	112.123;
331.5,	343.5,	1009.147,	112.118;
331.5,	349.5,	1006.745,	112.116;
332.5,	357.5,	1004.348,	112.113;
334.5,	354.5,	1001.546,	112.109;
332.5,	349.5,	999.149,	112.111;
335.5,	356.5,	996.745,	112.116;
334.5,	358.5,	994.344,	112.122;
331.5,	356.5,	991.548,	112.117;
335.5,	360.5,	989.148,	112.12;
333.5,	362.5,	986.746,	112.11;
331.5,	360.5,	984.348,	112.107;
332.5,	362.5,	981.968,	112.119;
333.5,	365.5,	981.14,	112.102;
332.5,	359.5,	980.907,	112.099;
332.5,	359.5,	980.849,	112.104;
334.5,	366.5,	980.836,	112.109;
334.5,	366.5,	980.833,	112.113;
332.5,	362.5,	980.833,	112.115;
334.5,	366.5,	980.827,	112.056;
332.5,	360.5,	980.827,	111.76;
334.5,	366.5,	980.831,	111.198;
333.5,	365.5,	980.834,	110.372;
332.5,	364.5,	980.837,	109.034;
337.5,	365.5,	980.837,	107.554;
334.5,	360.5,	980.837,	105.78;
336.5,	360.5,	980.836,	103.729;
339.5,	366.5,	980.837,	101.082;
339.5,	360.5,	980.839,	98.71;
341.5,	366.5,	980.84,	96.32;
341.5,	362.5,	980.839,	93.92;
344.5,	366.5,	980.838,	91.132;
345.5,	360.5,	980.836,	88.72;
347.5,	366.5,	980.835,	86.323;
347.5,	363.5,	980.836,	83.92;
348.5,	363.5,	980.836,	81.119;
350.5,	362.5,	980.837,	79.131;
351.5,	363.5,	980.839,	76.318;
353.5,	362.5,	980.838,	73.936;
354.5,	363.5,	980.839,	71.134;
356.5,	362.5,	980.838,	68.722;
359.5,	366.5,	980.837,	66.326;
359.5,	362.5,	980.837,	63.917;
357.5,	366.5,	980.836,	61.135;
360.5,	366.5,	980.836,	58.723;
367.5,	366.5,	980.836,	56.729;
368.5,	366.5,	980.835,	55.883;
368.5,	366.5,	980.835,	55.612;
368.5,	366.5,	980.834,	55.569;
365.5,	363.5,	980.834,	55.569;
365.5,	363.5,	980.834,	55.571;
365.5,	363.5,	980.835,	55.58;
368.5,	366.5,	980.841,	56.169;
368.5,	366.5,	980.846,	56.868;
367.5,	366.5,	980.849,	58.018;
363.5,	369.5,	980.847,	59.34;
363.5,	364.5,	980.844,	60.987;
362.5,	366.5,	980.841,	62.898;
360.5,	360.5,	980.838,	65.459;
360.5,	366.5,	980.838,	67.762;
357.5,	360.5,	980.838,	70.169;
355.5,	363.5,	980.837,	72.345;
354.5,	363.5,	980.836,	73.523;
354.5,	360.5,	980.836,	73.786;
354.5,	362.5,	980.836,	73.85;
354.5,	362.5,	980.837,	73.853;
354.5,	362.5,	980.836,	73.855;
354.5,	362.5,	980.836,	73.857;
355.5,	365.5,	980.835,	73.861;
354.5,	362.5,	980.84,	73.863;
354.5,	362.5,	980.923,	73.871;
354.5,	360.5,	981.154,	73.889;
354.5,	364.5,	981.64,	73.911;
357.5,	365.5,	982.415,	73.909;
354.5,	361.5,	983.698,	73.876;
354.5,	358.5,	985.126,	73.858;
357.5,	363.5,	986.858,	73.851;
353.5,	358.5,	988.872,	73.855;
354.5,	356.5,	991.485,	73.856;
354.5,	356.5,	993.838,	73.858;
354.5,	356.5,	996.227,	73.859;
354.5,	356.5,	998.624,	73.861;
354.5,	352.5,	1001.424,	73.863;
357.5,	355.5,	1003.827,	73.874;
354.5,	348.5,	1006.223,	73.867;
354.5,	348.5,	1008.624,	73.861;
355.5,	352.5,	1011.427,	73.86;
354.5,	354.5,	1013.826,	73.86;
354.5,	345.5,	1016.223,	73.862;
354.5,	341.5,	1018.623,	73.864;
354.5,	350.5,	1021.425,	73.865;
354.5,	341.5,	1023.825,	73.866;
355.5,	346.5,	1028.625,	73.868;
354.5,	336.5,	1031.425,	73.873;
354.5,	339.5,	1033.428,	73.867;
355.5,	342.5,	1036.226,	73.86;
354.5,	335.5,	1038.625,	73.861;
358.5,	335.5,	1041.427,	73.858;
358.5,	334.5,	1043.825,	73.867;
358.5,	332.5,	1046.229,	73.867;
358.5,	331.5,	1049.024,	73.863;
354.5,	328.5,	1051.427,	73.863;
356.5,	329.5,	1053.826,	73.867;
354.5,	325.5,	1056.226,	73.873;
355.5,	326.5,	1059.028,	73.874;
354.5,	319.5,	1061.426,	73.862;
354.5,	321.5,	1063.828,	73.86;
355.5,	317.5,	1066.228,	73.861;
355.5,	320.5,	1069.03,	73.86;
355.5,	319.5,	1071.43,	73.865;
356.5,	318.5,	1073.828,	73.863;
355.5,	316.5,	1076.23,	73.862;
355.5,	313.5,	1079.027,	73.864;
354.5,	311.5,	1081.429,	73.865;
355.5,	312.5,	1083.829,	73.866;
356.5,	311.5,	1086.23,	73.876;
355.5,	309.5,	1089.027,	73.869;
356.5,	308.5,	1091.428,	73.862;
355.5,	309.5,	1093.827,	73.859;
357.5,	305.5,	1096.233,	73.857;
356.5,	303.5,	1099.028,	73.856;
356.5,	302.5,	1101.427,	73.866;
357.5,	301.5,	1103.83,	73.866;
356.5,	299.5,	1106.233,	73.864;
357.5,	298.5,	1109.031,	73.866;
355.5,	295.5,	1111.43,	73.865;
357.5,	295.5,	1113.832,	73.865;
357.5,	294.5,	1116.232,	73.873;
355.5,	291.5,	1119.03,	73.873;
357.5,	291.5,	1121.43,	73.867;
355.5,	286.5,	1123.832,	73.859;
355.5,	287.5,	1126.235,	73.857;
355.5,	283.5,	1129.03,	73.857;
357.5,	285.5,	1131.431,	73.859;
356.5,	288.5,	1133.832,	73.866;
355.5,	281.5,	1136.234,	73.867;
356.5,	277.5,	1139.032,	73.863;
355.5,	276.5,	1141.43,	73.863;
356.5,	277.5,	1143.834,	73.865;
355.5,	275.5,	1146.231,	73.867;
356.5,	274.5,	1149.032,	73.879;
355.5,	273.5,	1151.435,	73.875;
358.5,	272.5,	1153.834,	73.866;
355.5,	269.5,	1156.234,	73.861;
356.5,	268.5,	1159.035,	73.857;
357.5,	268.5,	1161.432,	73.864;
357.5,	266.5,	1163.834,	73.859;
356.5,	262.5,	1166.234,	73.861;
356.5,	260.5,	1169.034,	73.863;
355.5,	260.5,	1171.436,	73.863;
355.5,	260.5,	1173.836,	73.86;
356.5,	256.5,	1176.234,	73.864;
356.5,	254.5,	1178.918,	73.869;
354.5,	255.5,	1180.17,	73.88;
356.5,	252.5,	1180.567,	73.88;
354.5,	254.5,	1180.665,	73.873;
356.5,	255.5,	1180.69,	73.867;
356.5,	252.5,	1180.695,	73.865;
