646.5,	323.5,	1066.747,	-404.72;
646.5,	324.5,	1066.747,	-404.72;
645.5,	323.5,	1066.747,	-404.719;
645.5,	323.5,	1066.747,	-404.719;
647.5,	325.5,	1066.747,	-404.719;
648.5,	324.5,	1066.747,	-404.72;
649.5,	327.5,	1066.747,	-404.719;
644.5,	322.5,	1066.747,	-404.719;
646.5,	323.5,	1066.747,	-404.72;
646.5,	323.5,	1066.747,	-404.72;
647.5,	324.5,	1066.747,	-404.719;
646.5,	322.5,	1066.747,	-404.719;
645.5,	323.5,	1066.747,	-404.719;
645.5,	323.5,	1066.747,	-404.72;
646.5,	322.5,	1066.747,	-404.719;
645.5,	320.5,	1066.747,	-404.719;
646.5,	322.5,	1066.747,	-404.719;
645.5,	320.5,	1066.747,	-404.719;
645.5,	320.5,	1066.747,	-404.719;
652.5,	329.5,	1066.747,	-404.719;
645.5,	320.5,	1066.747,	-404.719;
646.5,	322.5,	1066.747,	-404.72;
646.5,	322.5,	1066.747,	-404.72;
645.5,	320.5,	1066.747,	-404.72;
645.5,	320.5,	1066.747,	-404.719;
646.5,	322.5,	1066.747,	-404.719;
652.5,	329.5,	1066.747,	-404.719;
646.5,	322.5,	1066.747,	-404.72;
645.5,	320.5,	1066.747,	-404.72;
645.5,	320.5,	1066.747,	-404.719;
646.5,	322.5,	1066.747,	-404.72;
645.5,	320.5,	1066.747,	-404.72;
645.5,	320.5,	1066.747,	-404.719;
646.5,	322.5,	1066.747,	-404.719;
646.5,	322.5,	1066.747,	-404.719;
646.5,	322.5,	1066.747,	-404.719;
646.5,	322.5,	1066.747,	-404.719;
646.5,	322.5,	1066.747,	-404.719;
646.5,	322.5,	1066.747,	-404.72;
651.5,	335.5,	1066.747,	-404.719;
645.5,	320.5,	1066.747,	-404.719;
645.5,	323.5,	1066.747,	-404.72;
645.5,	320.5,	1066.747,	-404.719;
645.5,	320.5,	1066.747,	-404.719;
645.5,	320.5,	1066.747,	-404.72;
646.5,	322.5,	1066.747,	-404.72;
646.5,	322.5,	1066.747,	-404.72;
646.5,	322.5,	1066.747,	-404.719;
646.5,	322.5,	1066.747,	-404.72;
645.5,	320.5,	1066.747,	-404.72;
645.5,	323.5,	1066.747,	-404.72;
645.5,	320.5,	1066.747,	-404.72;
645.5,	320.5,	1066.747,	-404.719;
646.5,	322.5,	1066.747,	-404.719;
646.5,	322.5,	1066.747,	-404.72;
646.5,	322.5,	1066.747,	-404.719;
646.5,	322.5,	1066.747,	-404.719;
645.5,	320.5,	1066.747,	-404.72;
646.5,	322.5,	1066.747,	-404.72;
646.5,	322.5,	1066.747,	-404.719;
646.5,	322.5,	1066.747,	-404.72;
646.5,	322.5,	1066.747,	-404.72;
646.5,	322.5,	1066.747,	-404.72;
646.5,	322.5,	1066.747,	-404.72;
645.5,	320.5,	1066.747,	-404.72;
646.5,	322.5,	1066.747,	-404.72;
646.5,	322.5,	1066.747,	-404.719;
646.5,	322.5,	1066.747,	-404.72;
646.5,	322.5,	1066.747,	-404.72;
646.5,	322.5,	1066.747,	-404.719;
646.5,	322.5,	1066.747,	-404.719;
646.5,	322.5,	1066.747,	-404.719;
645.5,	320.5,	1066.747,	-404.719;
646.5,	322.5,	1066.747,	-404.719;
646.5,	322.5,	1066.747,	-404.719;
646.5,	321.5,	1066.747,	-404.719;
646.5,	322.5,	1066.747,	-404.72;
646.5,	322.5,	1066.747,	-404.719;
646.5,	322.5,	1066.747,	-404.719;
645.5,	320.5,	1066.747,	-404.719;
646.5,	322.5,	1066.747,	-404.719;
645.5,	320.5,	1066.747,	-404.72;
646.5,	322.5,	1066.747,	-404.719;
646.5,	322.5,	1066.747,	-404.719;
645.5,	320.5,	1066.747,	-404.72;
646.5,	322.5,	1066.747,	-404.719;
645.5,	320.5,	1066.747,	-404.719;
646.5,	322.5,	1066.747,	-404.72;
646.5,	322.5,	1066.747,	-404.719;
646.5,	322.5,	1066.747,	-404.719;
646.5,	322.5,	1066.747,	-404.719;
645.5,	320.5,	1066.747,	-404.719;
646.5,	322.5,	1066.747,	-404.72;
645.5,	320.5,	1066.747,	-404.719;
646.5,	322.5,	1066.747,	-404.719;
646.5,	322.5,	1066.747,	-404.72;
646.5,	322.5,	1066.747,	-404.72;
645.5,	320.5,	1066.747,	-404.719;
646.5,	322.5,	1066.747,	-404.72;
646.5,	322.5,	1066.747,	-404.719;
