149.5,	372.5,	943.363,	421.82;
150.5,	370.5,	943.363,	421.82;
149.5,	375.5,	943.363,	421.82;
150.5,	372.5,	943.363,	421.82;
205.5,	207.5,	943.363,	421.82;
279.5,	340.5,	943.364,	421.82;
255.5,	308.5,	943.363,	421.82;
146.5,	377.5,	943.364,	421.82;
150.5,	373.5,	943.363,	421.82;
150.5,	373.5,	943.364,	421.82;
149.5,	373.5,	943.363,	421.82;
150.5,	372.5,	943.363,	421.82;
150.5,	372.5,	943.363,	421.82;
149.5,	375.5,	943.363,	421.82;
149.5,	375.5,	943.363,	421.82;
149.5,	375.5,	943.363,	421.82;
148.5,	376.5,	943.363,	421.82;
150.5,	372.5,	943.364,	421.82;
149.5,	375.5,	943.363,	421.82;
149.5,	372.5,	943.363,	421.82;
149.5,	372.5,	943.363,	421.82;
149.5,	372.5,	943.364,	421.82;
150.5,	375.5,	943.363,	421.82;
149.5,	375.5,	943.364,	421.82;
149.5,	375.5,	943.363,	421.82;
149.5,	372.5,	943.363,	421.82;
150.5,	372.5,	943.364,	421.82;
150.5,	372.5,	943.364,	421.82;
150.5,	372.5,	943.363,	421.82;
149.5,	372.5,	943.363,	421.82;
149.5,	375.5,	943.363,	421.82;
149.5,	372.5,	943.363,	421.82;
149.5,	375.5,	943.363,	421.82;
150.5,	375.5,	943.363,	421.82;
149.5,	375.5,	943.363,	421.82;
149.5,	372.5,	943.363,	421.82;
149.5,	375.5,	943.363,	421.82;
149.5,	372.5,	943.363,	421.82;
149.5,	372.5,	943.363,	421.82;
149.5,	375.5,	943.363,	421.82;
149.5,	372.5,	943.363,	421.82;
149.5,	372.5,	943.363,	421.82;
149.5,	375.5,	943.363,	421.82;
149.5,	375.5,	943.363,	421.82;
149.5,	372.5,	943.363,	421.82;
150.5,	375.5,	943.364,	421.82;
149.5,	372.5,	943.363,	421.82;
149.5,	372.5,	943.364,	421.82;
149.5,	372.5,	943.363,	421.82;
149.5,	375.5,	943.363,	421.82;
150.5,	372.5,	943.363,	421.82;
149.5,	372.5,	943.363,	421.82;
149.5,	375.5,	943.364,	421.82;
150.5,	375.5,	943.364,	421.82;
149.5,	375.5,	943.364,	421.82;
149.5,	375.5,	943.363,	421.82;
149.5,	375.5,	943.363,	421.82;
149.5,	372.5,	943.363,	421.82;
149.5,	372.5,	943.363,	421.82;
149.5,	375.5,	943.363,	421.82;
149.5,	375.5,	943.363,	421.82;
150.5,	375.5,	943.364,	421.82;
149.5,	372.5,	943.364,	421.82;
150.5,	373.5,	943.363,	421.82;
149.5,	372.5,	943.363,	421.82;
150.5,	373.5,	943.363,	421.82;
150.5,	375.5,	943.364,	421.82;
149.5,	372.5,	943.363,	421.82;
150.5,	375.5,	943.363,	421.82;
149.5,	372.5,	943.364,	421.82;
150.5,	373.5,	943.363,	421.82;
149.5,	372.5,	943.364,	421.82;
150.5,	375.5,	943.363,	421.82;
150.5,	373.5,	943.363,	421.82;
149.5,	372.5,	943.364,	421.82;
150.5,	373.5,	943.363,	421.82;
150.5,	375.5,	943.364,	421.82;
149.5,	372.5,	943.363,	421.82;
149.5,	372.5,	943.363,	421.82;
150.5,	375.5,	943.363,	421.82;
149.5,	372.5,	943.363,	421.82;
150.5,	375.5,	943.364,	421.82;
150.5,	375.5,	943.363,	421.82;
149.5,	372.5,	943.363,	421.82;
149.5,	372.5,	943.363,	421.82;
150.5,	375.5,	943.364,	421.82;
150.5,	375.5,	943.363,	421.82;
150.5,	375.5,	943.363,	421.82;
149.5,	372.5,	943.364,	421.82;
150.5,	375.5,	943.363,	421.82;
149.5,	372.5,	943.364,	421.82;
150.5,	375.5,	943.363,	421.82;
150.5,	375.5,	943.364,	421.82;
149.5,	372.5,	943.363,	421.82;
150.5,	373.5,	943.363,	421.82;
150.5,	373.5,	943.364,	421.82;
150.5,	375.5,	943.364,	421.82;
150.5,	372.5,	943.363,	421.82;
149.5,	372.5,	943.363,	421.82;
149.5,	372.5,	943.363,	421.82;
