250.5,	377.5,	943.367,	250.478;
251.5,	374.5,	943.367,	250.478;
250.5,	378.5,	943.367,	250.479;
251.5,	376.5,	943.367,	250.478;
250.5,	376.5,	943.367,	250.478;
235.5,	257.5,	943.366,	250.478;
347.5,	314.5,	943.367,	250.478;
249.5,	384.5,	943.367,	250.479;
251.5,	375.5,	943.367,	250.478;
251.5,	378.5,	943.367,	250.478;
251.5,	378.5,	943.367,	250.478;
252.5,	374.5,	943.367,	250.478;
250.5,	376.5,	943.367,	250.478;
250.5,	376.5,	943.367,	250.478;
250.5,	376.5,	943.367,	250.478;
250.5,	376.5,	943.367,	250.478;
251.5,	376.5,	943.367,	250.478;
251.5,	376.5,	943.367,	250.478;
250.5,	376.5,	943.367,	250.478;
251.5,	376.5,	943.367,	250.478;
251.5,	376.5,	943.366,	250.478;
251.5,	376.5,	943.367,	250.478;
251.5,	376.5,	943.367,	250.478;
251.5,	376.5,	943.367,	250.478;
251.5,	376.5,	943.367,	250.478;
250.5,	375.5,	943.367,	250.478;
251.5,	376.5,	943.367,	250.478;
251.5,	376.5,	943.367,	250.478;
251.5,	376.5,	943.367,	250.478;
251.5,	376.5,	943.367,	250.478;
251.5,	376.5,	943.367,	250.478;
251.5,	376.5,	943.367,	250.478;
251.5,	376.5,	943.367,	250.478;
251.5,	376.5,	943.367,	250.478;
251.5,	376.5,	943.367,	250.478;
251.5,	376.5,	943.366,	250.478;
251.5,	376.5,	943.367,	250.478;
251.5,	376.5,	943.367,	250.478;
251.5,	376.5,	943.367,	250.478;
251.5,	376.5,	943.367,	250.478;
251.5,	376.5,	943.367,	250.478;
251.5,	376.5,	943.367,	250.479;
251.5,	376.5,	943.367,	250.478;
251.5,	376.5,	943.367,	250.478;
251.5,	376.5,	943.367,	250.478;
251.5,	376.5,	943.367,	250.478;
251.5,	376.5,	943.367,	250.478;
251.5,	376.5,	943.367,	250.478;
251.5,	376.5,	943.367,	250.478;
251.5,	376.5,	943.367,	250.478;
251.5,	376.5,	943.367,	250.478;
251.5,	376.5,	943.367,	250.478;
251.5,	376.5,	943.367,	250.479;
251.5,	376.5,	943.367,	250.478;
251.5,	376.5,	943.367,	250.478;
251.5,	376.5,	943.367,	250.478;
251.5,	376.5,	943.367,	250.478;
251.5,	376.5,	943.367,	250.478;
251.5,	376.5,	943.367,	250.478;
251.5,	376.5,	943.367,	250.478;
251.5,	380.5,	943.367,	250.478;
251.5,	376.5,	943.367,	250.478;
251.5,	376.5,	943.367,	250.478;
251.5,	376.5,	943.367,	250.478;
251.5,	376.5,	943.367,	250.478;
251.5,	376.5,	943.367,	250.478;
251.5,	376.5,	943.367,	250.478;
251.5,	376.5,	943.366,	250.478;
251.5,	376.5,	943.367,	250.478;
251.5,	376.5,	943.367,	250.478;
251.5,	376.5,	943.367,	250.478;
251.5,	376.5,	943.367,	250.478;
251.5,	376.5,	943.367,	250.478;
251.5,	376.5,	943.367,	250.478;
251.5,	376.5,	943.367,	250.478;
251.5,	376.5,	943.367,	250.478;
251.5,	376.5,	943.367,	250.478;
250.5,	379.5,	943.367,	250.479;
251.5,	376.5,	943.367,	250.478;
251.5,	376.5,	943.367,	250.478;
251.5,	376.5,	943.367,	250.478;
251.5,	376.5,	943.366,	250.478;
251.5,	376.5,	943.366,	250.478;
251.5,	376.5,	943.367,	250.478;
251.5,	376.5,	943.367,	250.478;
251.5,	376.5,	943.366,	250.478;
251.5,	376.5,	943.367,	250.478;
251.5,	376.5,	943.367,	250.478;
251.5,	376.5,	943.367,	250.478;
251.5,	376.5,	943.367,	250.478;
251.5,	376.5,	943.367,	250.478;
251.5,	376.5,	943.367,	250.478;
251.5,	376.5,	943.367,	250.478;
251.5,	376.5,	943.367,	250.478;
251.5,	376.5,	943.367,	250.478;
251.5,	376.5,	943.366,	250.478;
251.5,	376.5,	943.367,	250.478;
251.5,	376.5,	943.367,	250.478;
251.5,	376.5,	943.367,	250.478;
251.5,	376.5,	943.367,	250.478;
