658.5,	241.5,	1210.634,	-394.548;
664.5,	245.5,	1210.634,	-394.548;
658.5,	241.5,	1210.634,	-394.548;
661.5,	247.5,	1210.634,	-394.548;
665.5,	244.5,	1210.634,	-394.548;
661.5,	247.5,	1210.634,	-394.548;
656.5,	241.5,	1210.634,	-394.548;
660.5,	242.5,	1210.634,	-394.548;
662.5,	251.5,	1210.634,	-394.548;
662.5,	249.5,	1210.634,	-394.548;
662.5,	251.5,	1210.634,	-394.548;
662.5,	248.5,	1210.634,	-394.548;
661.5,	247.5,	1210.634,	-394.548;
662.5,	251.5,	1210.634,	-394.548;
661.5,	247.5,	1210.634,	-394.548;
661.5,	247.5,	1210.634,	-394.548;
662.5,	249.5,	1210.634,	-394.548;
662.5,	249.5,	1210.634,	-394.548;
661.5,	247.5,	1210.634,	-394.548;
662.5,	249.5,	1210.634,	-394.548;
662.5,	249.5,	1210.634,	-394.548;
661.5,	247.5,	1210.634,	-394.548;
661.5,	247.5,	1210.634,	-394.548;
661.5,	247.5,	1210.634,	-394.548;
661.5,	247.5,	1210.634,	-394.548;
656.5,	239.5,	1210.634,	-394.548;
656.5,	239.5,	1210.634,	-394.548;
660.5,	242.5,	1210.634,	-394.548;
662.5,	249.5,	1210.634,	-394.548;
661.5,	247.5,	1210.634,	-394.548;
656.5,	239.5,	1210.634,	-394.548;
656.5,	239.5,	1210.634,	-394.548;
656.5,	241.5,	1210.634,	-394.548;
662.5,	251.5,	1210.634,	-394.548;
656.5,	241.5,	1210.634,	-394.548;
660.5,	242.5,	1210.634,	-394.548;
662.5,	251.5,	1210.634,	-394.548;
661.5,	249.5,	1210.634,	-394.548;
662.5,	248.5,	1210.634,	-394.548;
660.5,	242.5,	1210.634,	-394.548;
662.5,	251.5,	1210.634,	-394.548;
656.5,	239.5,	1210.634,	-394.548;
656.5,	239.5,	1210.634,	-394.548;
661.5,	247.5,	1210.634,	-394.548;
660.5,	242.5,	1210.634,	-394.548;
656.5,	239.5,	1210.634,	-394.548;
656.5,	239.5,	1210.634,	-394.548;
661.5,	247.5,	1210.634,	-394.548;
661.5,	247.5,	1210.634,	-394.548;
662.5,	248.5,	1210.634,	-394.548;
656.5,	239.5,	1210.634,	-394.548;
662.5,	248.5,	1210.634,	-394.548;
656.5,	241.5,	1210.634,	-394.548;
656.5,	239.5,	1210.634,	-394.548;
656.5,	239.5,	1210.634,	-394.548;
662.5,	251.5,	1210.634,	-394.548;
656.5,	241.5,	1210.634,	-394.548;
662.5,	248.5,	1210.634,	-394.548;
662.5,	248.5,	1210.634,	-394.548;
662.5,	248.5,	1210.634,	-394.548;
662.5,	248.5,	1210.634,	-394.548;
662.5,	248.5,	1210.634,	-394.548;
662.5,	248.5,	1210.634,	-394.548;
656.5,	239.5,	1210.634,	-394.548;
656.5,	239.5,	1210.634,	-394.548;
656.5,	241.5,	1210.634,	-394.548;
662.5,	249.5,	1210.634,	-394.548;
656.5,	239.5,	1210.634,	-394.548;
662.5,	248.5,	1210.634,	-394.548;
662.5,	248.5,	1210.634,	-394.548;
662.5,	248.5,	1210.634,	-394.548;
656.5,	239.5,	1210.634,	-394.548;
662.5,	248.5,	1210.634,	-394.548;
656.5,	239.5,	1210.634,	-394.548;
656.5,	239.5,	1210.634,	-394.548;
661.5,	247.5,	1210.634,	-394.548;
662.5,	249.5,	1210.634,	-394.548;
662.5,	249.5,	1210.634,	-394.548;
661.5,	247.5,	1210.634,	-394.548;
662.5,	251.5,	1210.634,	-394.548;
661.5,	247.5,	1210.634,	-394.548;
661.5,	247.5,	1210.634,	-394.548;
656.5,	239.5,	1210.634,	-394.548;
660.5,	242.5,	1210.634,	-394.548;
656.5,	241.5,	1210.634,	-394.548;
660.5,	242.5,	1210.634,	-394.548;
656.5,	239.5,	1210.634,	-394.548;
656.5,	241.5,	1210.634,	-394.548;
656.5,	239.5,	1210.634,	-394.548;
656.5,	239.5,	1210.634,	-394.549;
662.5,	251.5,	1210.634,	-394.548;
662.5,	248.5,	1210.634,	-394.548;
656.5,	239.5,	1210.634,	-394.548;
662.5,	251.5,	1210.634,	-394.548;
662.5,	251.5,	1210.634,	-394.548;
656.5,	239.5,	1210.634,	-394.548;
662.5,	251.5,	1210.634,	-394.548;
662.5,	251.5,	1210.634,	-394.548;
656.5,	241.5,	1210.634,	-394.548;
662.5,	248.5,	1210.634,	-394.548;
