136.5,	309.5,	1066.744,	430.007;
136.5,	309.5,	1066.744,	430.007;
137.5,	306.5,	1066.744,	430.007;
136.5,	308.5,	1066.744,	430.007;
136.5,	308.5,	1066.744,	430.007;
137.5,	307.5,	1066.744,	430.007;
136.5,	308.5,	1066.744,	430.007;
137.5,	309.5,	1066.744,	430.007;
136.5,	308.5,	1066.744,	430.007;
136.5,	309.5,	1066.744,	430.007;
137.5,	307.5,	1066.744,	430.007;
136.5,	308.5,	1066.744,	430.007;
136.5,	308.5,	1066.744,	430.007;
136.5,	308.5,	1066.744,	430.007;
137.5,	307.5,	1066.744,	430.007;
137.5,	307.5,	1066.744,	430.007;
136.5,	308.5,	1066.744,	430.007;
136.5,	308.5,	1066.744,	430.007;
136.5,	308.5,	1066.744,	430.007;
137.5,	312.5,	1066.744,	430.007;
137.5,	307.5,	1066.744,	430.007;
136.5,	308.5,	1066.744,	430.007;
137.5,	307.5,	1066.744,	430.007;
136.5,	308.5,	1066.744,	430.007;
137.5,	307.5,	1066.744,	430.007;
137.5,	307.5,	1066.744,	430.007;
137.5,	307.5,	1066.744,	430.007;
137.5,	307.5,	1066.744,	430.007;
137.5,	307.5,	1066.744,	430.007;
136.5,	309.5,	1066.744,	430.007;
136.5,	308.5,	1066.744,	430.007;
137.5,	307.5,	1066.744,	430.007;
137.5,	307.5,	1066.744,	430.007;
136.5,	309.5,	1066.744,	430.007;
136.5,	308.5,	1066.744,	430.007;
137.5,	307.5,	1066.744,	430.007;
137.5,	307.5,	1066.744,	430.007;
136.5,	308.5,	1066.744,	430.007;
136.5,	308.5,	1066.744,	430.007;
137.5,	307.5,	1066.744,	430.007;
136.5,	308.5,	1066.744,	430.007;
137.5,	307.5,	1066.744,	430.007;
137.5,	307.5,	1066.744,	430.007;
137.5,	307.5,	1066.744,	430.007;
137.5,	307.5,	1066.744,	430.007;
137.5,	307.5,	1066.744,	430.007;
137.5,	307.5,	1066.744,	430.007;
137.5,	307.5,	1066.744,	430.007;
136.5,	309.5,	1066.744,	430.007;
137.5,	307.5,	1066.744,	430.007;
136.5,	309.5,	1066.744,	430.007;
137.5,	307.5,	1066.744,	430.007;
136.5,	308.5,	1066.744,	430.007;
136.5,	309.5,	1066.744,	430.007;
137.5,	307.5,	1066.744,	430.007;
137.5,	307.5,	1066.744,	430.007;
136.5,	308.5,	1066.744,	430.007;
137.5,	307.5,	1066.744,	430.007;
136.5,	309.5,	1066.744,	430.007;
137.5,	307.5,	1066.744,	430.007;
137.5,	307.5,	1066.744,	430.007;
136.5,	308.5,	1066.744,	430.007;
137.5,	307.5,	1066.744,	430.007;
136.5,	308.5,	1066.744,	430.007;
136.5,	308.5,	1066.744,	430.007;
137.5,	307.5,	1066.744,	430.007;
137.5,	307.5,	1066.744,	430.007;
136.5,	309.5,	1066.744,	430.007;
136.5,	308.5,	1066.744,	430.007;
136.5,	309.5,	1066.744,	430.007;
137.5,	307.5,	1066.744,	430.007;
136.5,	308.5,	1066.744,	430.007;
136.5,	308.5,	1066.744,	430.007;
137.5,	307.5,	1066.744,	430.007;
136.5,	309.5,	1066.744,	430.007;
136.5,	309.5,	1066.744,	430.007;
137.5,	307.5,	1066.744,	430.007;
137.5,	307.5,	1066.744,	430.007;
137.5,	307.5,	1066.744,	430.007;
137.5,	307.5,	1066.744,	430.007;
137.5,	307.5,	1066.744,	430.007;
137.5,	307.5,	1066.744,	430.007;
137.5,	307.5,	1066.744,	430.007;
137.5,	307.5,	1066.744,	430.007;
136.5,	308.5,	1066.744,	430.007;
136.5,	308.5,	1066.744,	430.007;
137.5,	307.5,	1066.744,	430.007;
137.5,	307.5,	1066.744,	430.007;
137.5,	307.5,	1066.744,	430.007;
137.5,	307.5,	1066.744,	430.007;
137.5,	307.5,	1066.744,	430.007;
136.5,	308.5,	1066.744,	430.007;
136.5,	308.5,	1066.744,	430.007;
137.5,	307.5,	1066.744,	430.007;
136.5,	308.5,	1066.744,	430.007;
136.5,	308.5,	1066.744,	430.007;
136.5,	308.5,	1066.744,	430.007;
136.5,	308.5,	1066.744,	430.007;
136.5,	308.5,	1066.744,	430.007;
136.5,	308.5,	1066.744,	430.007;
