247.5,	313.5,	1066.741,	250.506;
246.5,	314.5,	1066.741,	250.506;
247.5,	313.5,	1066.741,	250.506;
247.5,	313.5,	1066.741,	250.506;
247.5,	313.5,	1066.741,	250.506;
247.5,	313.5,	1066.741,	250.506;
247.5,	313.5,	1066.741,	250.506;
247.5,	313.5,	1066.741,	250.506;
246.5,	314.5,	1066.741,	250.506;
247.5,	313.5,	1066.741,	250.506;
247.5,	313.5,	1066.741,	250.506;
247.5,	313.5,	1066.741,	250.506;
247.5,	313.5,	1066.741,	250.506;
247.5,	313.5,	1066.741,	250.506;
251.5,	318.5,	1066.741,	250.506;
247.5,	313.5,	1066.741,	250.506;
247.5,	313.5,	1066.741,	250.506;
247.5,	313.5,	1066.741,	250.506;
247.5,	313.5,	1066.741,	250.506;
247.5,	313.5,	1066.741,	250.506;
247.5,	313.5,	1066.741,	250.506;
247.5,	313.5,	1066.741,	250.506;
247.5,	313.5,	1066.741,	250.506;
247.5,	313.5,	1066.741,	250.506;
247.5,	313.5,	1066.741,	250.506;
247.5,	313.5,	1066.741,	250.507;
247.5,	313.5,	1066.741,	250.506;
247.5,	313.5,	1066.741,	250.506;
247.5,	313.5,	1066.741,	250.506;
247.5,	313.5,	1066.741,	250.506;
247.5,	313.5,	1066.741,	250.506;
247.5,	313.5,	1066.741,	250.506;
247.5,	313.5,	1066.741,	250.506;
247.5,	313.5,	1066.741,	250.506;
247.5,	313.5,	1066.741,	250.506;
247.5,	313.5,	1066.741,	250.506;
247.5,	313.5,	1066.741,	250.506;
247.5,	313.5,	1066.741,	250.506;
247.5,	313.5,	1066.741,	250.506;
247.5,	313.5,	1066.741,	250.506;
247.5,	313.5,	1066.741,	250.506;
247.5,	313.5,	1066.741,	250.506;
247.5,	313.5,	1066.741,	250.506;
247.5,	313.5,	1066.741,	250.506;
247.5,	313.5,	1066.741,	250.506;
247.5,	313.5,	1066.741,	250.506;
247.5,	313.5,	1066.741,	250.506;
247.5,	313.5,	1066.741,	250.506;
247.5,	313.5,	1066.741,	250.506;
246.5,	314.5,	1066.741,	250.506;
247.5,	313.5,	1066.741,	250.506;
247.5,	313.5,	1066.741,	250.506;
247.5,	313.5,	1066.741,	250.506;
247.5,	313.5,	1066.741,	250.506;
247.5,	313.5,	1066.741,	250.506;
247.5,	313.5,	1066.741,	250.506;
247.5,	313.5,	1066.741,	250.506;
247.5,	313.5,	1066.741,	250.506;
247.5,	313.5,	1066.741,	250.506;
247.5,	313.5,	1066.741,	250.506;
247.5,	313.5,	1066.741,	250.506;
247.5,	313.5,	1066.741,	250.506;
247.5,	313.5,	1066.741,	250.506;
247.5,	313.5,	1066.741,	250.506;
247.5,	313.5,	1066.741,	250.506;
247.5,	313.5,	1066.741,	250.506;
247.5,	313.5,	1066.741,	250.506;
247.5,	313.5,	1066.741,	250.506;
247.5,	313.5,	1066.741,	250.506;
247.5,	313.5,	1066.741,	250.506;
247.5,	313.5,	1066.741,	250.506;
247.5,	313.5,	1066.741,	250.507;
247.5,	313.5,	1066.741,	250.506;
247.5,	313.5,	1066.741,	250.506;
247.5,	313.5,	1066.741,	250.506;
246.5,	314.5,	1066.741,	250.506;
247.5,	313.5,	1066.741,	250.506;
247.5,	313.5,	1066.741,	250.506;
247.5,	313.5,	1066.741,	250.506;
247.5,	313.5,	1066.741,	250.506;
247.5,	313.5,	1066.741,	250.506;
247.5,	313.5,	1066.741,	250.506;
247.5,	313.5,	1066.741,	250.506;
247.5,	313.5,	1066.741,	250.506;
247.5,	313.5,	1066.741,	250.507;
246.5,	314.5,	1066.741,	250.506;
247.5,	313.5,	1066.741,	250.506;
247.5,	313.5,	1066.741,	250.506;
247.5,	313.5,	1066.741,	250.506;
247.5,	313.5,	1066.741,	250.506;
247.5,	313.5,	1066.741,	250.506;
247.5,	313.5,	1066.741,	250.506;
247.5,	313.5,	1066.741,	250.506;
247.5,	313.5,	1066.741,	250.506;
247.5,	313.5,	1066.741,	250.506;
247.5,	313.5,	1066.741,	250.506;
247.5,	313.5,	1066.741,	250.506;
247.5,	313.5,	1066.741,	250.506;
247.5,	313.5,	1066.741,	250.506;
247.5,	313.5,	1066.741,	250.506;
