505.5,	324.5,	1066.742,	-165.216;
500.5,	322.5,	1066.742,	-165.216;
497.5,	326.5,	1066.742,	-165.216;
502.5,	328.5,	1066.742,	-165.216;
502.5,	328.5,	1066.742,	-165.216;
502.5,	328.5,	1066.742,	-165.216;
502.5,	328.5,	1066.742,	-165.216;
502.5,	328.5,	1066.742,	-165.216;
502.5,	328.5,	1066.742,	-165.216;
502.5,	328.5,	1066.742,	-165.216;
502.5,	328.5,	1066.742,	-165.216;
502.5,	328.5,	1066.742,	-165.215;
502.5,	328.5,	1066.742,	-165.216;
502.5,	328.5,	1066.742,	-165.216;
502.5,	328.5,	1066.742,	-165.215;
502.5,	328.5,	1066.742,	-165.216;
502.5,	328.5,	1066.742,	-165.216;
502.5,	328.5,	1066.742,	-165.216;
502.5,	328.5,	1066.742,	-165.216;
502.5,	328.5,	1066.742,	-165.216;
502.5,	328.5,	1066.742,	-165.216;
502.5,	328.5,	1066.742,	-165.216;
502.5,	328.5,	1066.742,	-165.216;
502.5,	328.5,	1066.742,	-165.216;
502.5,	328.5,	1066.742,	-165.216;
502.5,	328.5,	1066.742,	-165.216;
504.5,	324.5,	1066.742,	-165.216;
502.5,	328.5,	1066.742,	-165.216;
502.5,	328.5,	1066.742,	-165.216;
504.5,	324.5,	1066.742,	-165.216;
502.5,	328.5,	1066.742,	-165.216;
502.5,	328.5,	1066.742,	-165.216;
502.5,	328.5,	1066.742,	-165.216;
502.5,	328.5,	1066.742,	-165.216;
502.5,	328.5,	1066.742,	-165.216;
502.5,	328.5,	1066.742,	-165.216;
502.5,	328.5,	1066.742,	-165.216;
502.5,	328.5,	1066.742,	-165.216;
502.5,	328.5,	1066.742,	-165.216;
504.5,	324.5,	1066.742,	-165.216;
502.5,	328.5,	1066.742,	-165.216;
502.5,	328.5,	1066.742,	-165.216;
504.5,	324.5,	1066.742,	-165.216;
502.5,	328.5,	1066.742,	-165.216;
502.5,	328.5,	1066.742,	-165.216;
502.5,	328.5,	1066.742,	-165.216;
502.5,	328.5,	1066.742,	-165.216;
502.5,	328.5,	1066.742,	-165.216;
502.5,	328.5,	1066.742,	-165.216;
497.5,	325.5,	1066.742,	-165.216;
502.5,	328.5,	1066.742,	-165.216;
504.5,	324.5,	1066.742,	-165.215;
502.5,	328.5,	1066.742,	-165.216;
502.5,	328.5,	1066.742,	-165.216;
500.5,	320.5,	1066.742,	-165.216;
502.5,	328.5,	1066.742,	-165.216;
504.5,	324.5,	1066.742,	-165.216;
502.5,	328.5,	1066.742,	-165.216;
502.5,	328.5,	1066.742,	-165.215;
502.5,	328.5,	1066.742,	-165.216;
502.5,	328.5,	1066.742,	-165.216;
502.5,	328.5,	1066.742,	-165.216;
502.5,	328.5,	1066.742,	-165.216;
502.5,	328.5,	1066.742,	-165.215;
502.5,	328.5,	1066.742,	-165.216;
502.5,	328.5,	1066.742,	-165.215;
502.5,	328.5,	1066.742,	-165.216;
502.5,	328.5,	1066.742,	-165.216;
502.5,	328.5,	1066.742,	-165.216;
502.5,	328.5,	1066.742,	-165.216;
502.5,	328.5,	1066.742,	-165.216;
502.5,	328.5,	1066.742,	-165.216;
502.5,	328.5,	1066.742,	-165.215;
502.5,	328.5,	1066.742,	-165.216;
502.5,	328.5,	1066.742,	-165.216;
502.5,	328.5,	1066.742,	-165.216;
502.5,	328.5,	1066.742,	-165.216;
502.5,	328.5,	1066.742,	-165.216;
502.5,	328.5,	1066.742,	-165.216;
502.5,	328.5,	1066.742,	-165.216;
502.5,	328.5,	1066.742,	-165.216;
502.5,	328.5,	1066.742,	-165.216;
502.5,	328.5,	1066.742,	-165.216;
502.5,	328.5,	1066.742,	-165.216;
502.5,	328.5,	1066.742,	-165.216;
502.5,	328.5,	1066.742,	-165.216;
504.5,	324.5,	1066.742,	-165.216;
502.5,	328.5,	1066.742,	-165.216;
504.5,	324.5,	1066.742,	-165.216;
502.5,	328.5,	1066.742,	-165.216;
502.5,	328.5,	1066.742,	-165.216;
502.5,	328.5,	1066.742,	-165.216;
502.5,	328.5,	1066.742,	-165.216;
497.5,	325.5,	1066.742,	-165.216;
502.5,	328.5,	1066.742,	-165.216;
502.5,	328.5,	1066.742,	-165.216;
502.5,	328.5,	1066.742,	-165.216;
502.5,	328.5,	1066.742,	-165.216;
502.5,	328.5,	1066.742,	-165.216;
502.5,	328.5,	1066.742,	-165.216;
