504.5,	386.5,	943.365,	-183.534;
504.5,	386.5,	943.365,	-183.534;
504.5,	386.5,	943.365,	-183.534;
502.5,	389.5,	943.365,	-183.534;
504.5,	386.5,	943.365,	-183.534;
502.5,	389.5,	943.365,	-183.534;
504.5,	386.5,	943.365,	-183.534;
504.5,	386.5,	943.365,	-183.534;
504.5,	386.5,	943.365,	-183.534;
504.5,	386.5,	943.365,	-183.534;
503.5,	383.5,	943.365,	-183.534;
504.5,	386.5,	943.365,	-183.534;
503.5,	383.5,	943.365,	-183.534;
504.5,	386.5,	943.365,	-183.534;
503.5,	388.5,	943.365,	-183.534;
504.5,	386.5,	943.365,	-183.534;
504.5,	386.5,	943.365,	-183.534;
504.5,	386.5,	943.365,	-183.534;
504.5,	386.5,	943.365,	-183.534;
504.5,	386.5,	943.365,	-183.534;
504.5,	386.5,	943.365,	-183.534;
503.5,	388.5,	943.365,	-183.534;
504.5,	386.5,	943.365,	-183.534;
504.5,	386.5,	943.365,	-183.534;
503.5,	383.5,	943.365,	-183.534;
504.5,	386.5,	943.365,	-183.534;
503.5,	388.5,	943.365,	-183.534;
504.5,	386.5,	943.365,	-183.534;
503.5,	388.5,	943.365,	-183.534;
503.5,	383.5,	943.365,	-183.534;
504.5,	386.5,	943.365,	-183.534;
504.5,	386.5,	943.365,	-183.534;
504.5,	386.5,	943.365,	-183.534;
504.5,	386.5,	943.365,	-183.534;
504.5,	386.5,	943.365,	-183.534;
504.5,	386.5,	943.365,	-183.534;
504.5,	386.5,	943.365,	-183.534;
504.5,	386.5,	943.365,	-183.534;
504.5,	386.5,	943.365,	-183.534;
504.5,	386.5,	943.365,	-183.534;
504.5,	386.5,	943.365,	-183.534;
504.5,	386.5,	943.365,	-183.534;
504.5,	386.5,	943.365,	-183.534;
503.5,	388.5,	943.365,	-183.534;
503.5,	388.5,	943.365,	-183.534;
503.5,	388.5,	943.365,	-183.534;
503.5,	388.5,	943.365,	-183.534;
504.5,	386.5,	943.365,	-183.534;
504.5,	386.5,	943.365,	-183.534;
504.5,	386.5,	943.365,	-183.534;
504.5,	386.5,	943.365,	-183.534;
504.5,	386.5,	943.365,	-183.534;
506.5,	394.5,	943.364,	-183.534;
504.5,	386.5,	943.365,	-183.534;
504.5,	386.5,	943.365,	-183.534;
504.5,	386.5,	943.365,	-183.534;
504.5,	386.5,	943.365,	-183.534;
504.5,	386.5,	943.365,	-183.534;
504.5,	386.5,	943.365,	-183.534;
504.5,	386.5,	943.365,	-183.534;
504.5,	386.5,	943.365,	-183.534;
504.5,	386.5,	943.365,	-183.534;
504.5,	386.5,	943.365,	-183.534;
504.5,	386.5,	943.365,	-183.534;
504.5,	386.5,	943.365,	-183.534;
504.5,	386.5,	943.365,	-183.534;
504.5,	386.5,	943.365,	-183.534;
504.5,	386.5,	943.365,	-183.534;
504.5,	386.5,	943.365,	-183.534;
503.5,	383.5,	943.365,	-183.534;
504.5,	386.5,	943.365,	-183.534;
504.5,	386.5,	943.365,	-183.534;
504.5,	386.5,	943.365,	-183.534;
504.5,	386.5,	943.365,	-183.534;
503.5,	388.5,	943.365,	-183.534;
504.5,	386.5,	943.365,	-183.534;
504.5,	386.5,	943.365,	-183.534;
504.5,	386.5,	943.365,	-183.534;
504.5,	386.5,	943.365,	-183.534;
503.5,	388.5,	943.365,	-183.534;
504.5,	386.5,	943.365,	-183.534;
504.5,	386.5,	943.365,	-183.534;
503.5,	388.5,	943.365,	-183.534;
504.5,	386.5,	943.365,	-183.534;
504.5,	386.5,	943.365,	-183.534;
504.5,	386.5,	943.365,	-183.534;
504.5,	386.5,	943.365,	-183.534;
503.5,	388.5,	943.365,	-183.534;
504.5,	386.5,	943.365,	-183.534;
503.5,	388.5,	943.365,	-183.534;
503.5,	388.5,	943.365,	-183.534;
504.5,	386.5,	943.365,	-183.534;
504.5,	386.5,	943.365,	-183.534;
503.5,	388.5,	943.365,	-183.534;
504.5,	386.5,	943.365,	-183.534;
503.5,	388.5,	943.365,	-183.534;
503.5,	388.5,	943.365,	-183.534;
503.5,	383.5,	943.365,	-183.534;
504.5,	386.5,	943.365,	-183.534;
504.5,	386.5,	943.365,	-183.534;
