236.5,	225.5,	1216.825,	261.495;
374.5,	217.5,	1216.825,	261.495;
234.5,	227.5,	1216.825,	261.495;
235.5,	225.5,	1216.825,	261.495;
235.5,	225.5,	1216.825,	261.495;
236.5,	225.5,	1216.825,	261.495;
233.5,	227.5,	1216.825,	261.495;
233.5,	227.5,	1216.825,	261.495;
233.5,	230.5,	1216.825,	261.495;
233.5,	227.5,	1216.825,	261.495;
233.5,	227.5,	1216.825,	261.495;
233.5,	227.5,	1216.825,	261.496;
231.5,	227.5,	1216.825,	261.495;
233.5,	227.5,	1216.825,	261.495;
233.5,	227.5,	1216.825,	261.495;
233.5,	227.5,	1216.825,	261.495;
233.5,	227.5,	1216.825,	261.496;
233.5,	227.5,	1216.825,	261.495;
233.5,	227.5,	1216.825,	261.495;
233.5,	227.5,	1216.825,	261.496;
233.5,	227.5,	1216.825,	261.495;
233.5,	227.5,	1216.825,	261.495;
233.5,	227.5,	1216.825,	261.495;
233.5,	227.5,	1216.825,	261.495;
233.5,	227.5,	1216.825,	261.495;
233.5,	227.5,	1216.825,	261.495;
233.5,	227.5,	1216.825,	261.496;
233.5,	227.5,	1216.825,	261.495;
233.5,	227.5,	1216.825,	261.495;
233.5,	227.5,	1216.825,	261.495;
233.5,	227.5,	1216.825,	261.495;
233.5,	227.5,	1216.825,	261.495;
233.5,	227.5,	1216.825,	261.496;
233.5,	227.5,	1216.825,	261.495;
233.5,	227.5,	1216.825,	261.495;
233.5,	227.5,	1216.825,	261.496;
233.5,	227.5,	1216.825,	261.495;
233.5,	227.5,	1216.825,	261.495;
233.5,	227.5,	1216.825,	261.495;
233.5,	227.5,	1216.825,	261.495;
233.5,	227.5,	1216.825,	261.495;
233.5,	227.5,	1216.825,	261.495;
233.5,	227.5,	1216.825,	261.495;
233.5,	227.5,	1216.825,	261.496;
233.5,	227.5,	1216.825,	261.496;
233.5,	227.5,	1216.825,	261.495;
233.5,	227.5,	1216.825,	261.495;
233.5,	227.5,	1216.825,	261.495;
233.5,	227.5,	1216.825,	261.495;
233.5,	227.5,	1216.825,	261.495;
233.5,	227.5,	1216.825,	261.495;
233.5,	227.5,	1216.825,	261.496;
233.5,	227.5,	1216.825,	261.495;
233.5,	227.5,	1216.825,	261.495;
233.5,	227.5,	1216.825,	261.495;
233.5,	227.5,	1216.825,	261.495;
233.5,	227.5,	1216.825,	261.496;
233.5,	227.5,	1216.825,	261.495;
233.5,	227.5,	1216.825,	261.495;
233.5,	227.5,	1216.825,	261.495;
233.5,	227.5,	1216.825,	261.496;
233.5,	227.5,	1216.825,	261.495;
233.5,	227.5,	1216.825,	261.495;
233.5,	227.5,	1216.825,	261.495;
233.5,	227.5,	1216.825,	261.496;
233.5,	227.5,	1216.825,	261.495;
233.5,	227.5,	1216.825,	261.495;
233.5,	227.5,	1216.825,	261.495;
233.5,	227.5,	1216.825,	261.495;
233.5,	227.5,	1216.825,	261.495;
233.5,	227.5,	1216.825,	261.495;
233.5,	227.5,	1216.825,	261.495;
230.5,	226.5,	1216.825,	261.495;
233.5,	227.5,	1216.825,	261.495;
233.5,	227.5,	1216.825,	261.496;
233.5,	227.5,	1216.825,	261.495;
233.5,	227.5,	1216.825,	261.495;
233.5,	227.5,	1216.825,	261.495;
233.5,	227.5,	1216.825,	261.495;
233.5,	227.5,	1216.825,	261.496;
233.5,	227.5,	1216.825,	261.495;
233.5,	227.5,	1216.825,	261.495;
233.5,	227.5,	1216.825,	261.495;
233.5,	227.5,	1216.825,	261.495;
233.5,	227.5,	1216.825,	261.495;
233.5,	227.5,	1216.825,	261.495;
233.5,	227.5,	1216.825,	261.495;
233.5,	227.5,	1216.825,	261.495;
233.5,	227.5,	1216.825,	261.495;
233.5,	227.5,	1216.825,	261.496;
233.5,	227.5,	1216.825,	261.496;
233.5,	227.5,	1216.825,	261.495;
233.5,	227.5,	1216.825,	261.495;
233.5,	227.5,	1216.825,	261.495;
233.5,	227.5,	1216.825,	261.495;
233.5,	227.5,	1216.825,	261.495;
233.5,	227.5,	1216.825,	261.495;
233.5,	227.5,	1216.825,	261.496;
231.5,	227.5,	1216.825,	261.495;
231.5,	227.5,	1216.825,	261.495;
