383.5,	383.5,	943.366,	23.562;
383.5,	383.5,	943.366,	23.561;
382.5,	378.5,	943.366,	23.562;
385.5,	387.5,	943.366,	23.562;
385.5,	387.5,	943.366,	23.562;
278.5,	325.5,	943.366,	23.561;
382.5,	384.5,	943.366,	23.561;
383.5,	377.5,	943.366,	23.561;
383.5,	381.5,	943.366,	23.561;
383.5,	380.5,	943.366,	23.562;
383.5,	380.5,	943.366,	23.562;
383.5,	382.5,	943.366,	23.562;
383.5,	381.5,	943.366,	23.562;
383.5,	381.5,	943.366,	23.562;
383.5,	381.5,	943.366,	23.561;
383.5,	381.5,	943.366,	23.562;
383.5,	381.5,	943.366,	23.562;
385.5,	387.5,	943.366,	23.562;
383.5,	381.5,	943.366,	23.561;
383.5,	381.5,	943.366,	23.561;
383.5,	381.5,	943.366,	23.562;
383.5,	381.5,	943.366,	23.562;
383.5,	381.5,	943.366,	23.562;
383.5,	381.5,	943.366,	23.562;
383.5,	381.5,	943.366,	23.562;
383.5,	381.5,	943.366,	23.561;
383.5,	381.5,	943.366,	23.561;
383.5,	381.5,	943.366,	23.561;
383.5,	381.5,	943.366,	23.561;
383.5,	381.5,	943.366,	23.562;
385.5,	387.5,	943.366,	23.562;
383.5,	381.5,	943.366,	23.562;
383.5,	381.5,	943.366,	23.561;
383.5,	381.5,	943.366,	23.561;
383.5,	381.5,	943.366,	23.561;
383.5,	381.5,	943.366,	23.562;
383.5,	381.5,	943.366,	23.562;
383.5,	381.5,	943.366,	23.561;
383.5,	381.5,	943.366,	23.561;
383.5,	381.5,	943.366,	23.562;
382.5,	383.5,	943.366,	23.561;
383.5,	381.5,	943.366,	23.562;
383.5,	381.5,	943.366,	23.561;
383.5,	381.5,	943.366,	23.562;
385.5,	387.5,	943.366,	23.562;
383.5,	381.5,	943.366,	23.561;
383.5,	381.5,	943.366,	23.562;
383.5,	381.5,	943.366,	23.561;
383.5,	381.5,	943.366,	23.561;
383.5,	381.5,	943.366,	23.562;
383.5,	381.5,	943.366,	23.561;
383.5,	381.5,	943.366,	23.562;
383.5,	381.5,	943.366,	23.562;
383.5,	381.5,	943.365,	23.562;
383.5,	381.5,	943.366,	23.561;
383.5,	381.5,	943.366,	23.562;
383.5,	381.5,	943.366,	23.562;
383.5,	381.5,	943.366,	23.561;
383.5,	381.5,	943.366,	23.562;
383.5,	381.5,	943.366,	23.562;
383.5,	381.5,	943.366,	23.561;
383.5,	381.5,	943.366,	23.561;
383.5,	381.5,	943.366,	23.561;
383.5,	381.5,	943.366,	23.562;
383.5,	381.5,	943.366,	23.561;
383.5,	381.5,	943.366,	23.561;
383.5,	381.5,	943.366,	23.562;
383.5,	381.5,	943.366,	23.562;
383.5,	381.5,	943.366,	23.562;
383.5,	381.5,	943.366,	23.561;
383.5,	381.5,	943.366,	23.562;
383.5,	381.5,	943.366,	23.561;
383.5,	381.5,	943.366,	23.561;
383.5,	381.5,	943.366,	23.562;
383.5,	381.5,	943.366,	23.562;
383.5,	381.5,	943.366,	23.561;
383.5,	381.5,	943.366,	23.562;
383.5,	381.5,	943.366,	23.561;
383.5,	381.5,	943.366,	23.562;
383.5,	381.5,	943.366,	23.562;
383.5,	381.5,	943.366,	23.562;
383.5,	381.5,	943.366,	23.561;
383.5,	381.5,	943.366,	23.561;
383.5,	381.5,	943.366,	23.561;
385.5,	387.5,	943.366,	23.562;
383.5,	381.5,	943.366,	23.562;
383.5,	381.5,	943.366,	23.562;
383.5,	381.5,	943.366,	23.562;
383.5,	381.5,	943.366,	23.561;
383.5,	381.5,	943.366,	23.561;
383.5,	381.5,	943.366,	23.561;
383.5,	381.5,	943.366,	23.561;
383.5,	381.5,	943.366,	23.561;
383.5,	381.5,	943.366,	23.562;
383.5,	381.5,	943.366,	23.562;
383.5,	381.5,	943.366,	23.562;
383.5,	381.5,	943.366,	23.561;
383.5,	381.5,	943.365,	23.561;
383.5,	381.5,	943.366,	23.562;
385.5,	387.5,	943.366,	23.562;
