377.5,	232.5,	1216.823,	41.301;
376.5,	233.5,	1216.824,	41.301;
379.5,	234.5,	1216.823,	41.302;
378.5,	231.5,	1216.823,	41.302;
376.5,	233.5,	1216.823,	41.301;
378.5,	231.5,	1216.823,	41.301;
379.5,	234.5,	1216.823,	41.301;
377.5,	232.5,	1216.823,	41.301;
377.5,	232.5,	1216.823,	41.302;
376.5,	234.5,	1216.823,	41.301;
377.5,	232.5,	1216.823,	41.301;
376.5,	233.5,	1216.823,	41.301;
376.5,	233.5,	1216.823,	41.302;
376.5,	234.5,	1216.823,	41.301;
376.5,	233.5,	1216.823,	41.302;
376.5,	234.5,	1216.823,	41.302;
377.5,	232.5,	1216.823,	41.301;
376.5,	234.5,	1216.823,	41.301;
376.5,	233.5,	1216.823,	41.301;
376.5,	234.5,	1216.823,	41.301;
376.5,	234.5,	1216.823,	41.301;
377.5,	232.5,	1216.823,	41.301;
377.5,	232.5,	1216.823,	41.301;
376.5,	234.5,	1216.823,	41.302;
376.5,	234.5,	1216.823,	41.301;
376.5,	234.5,	1216.823,	41.302;
376.5,	234.5,	1216.823,	41.302;
376.5,	234.5,	1216.823,	41.302;
376.5,	233.5,	1216.823,	41.301;
376.5,	234.5,	1216.823,	41.301;
376.5,	234.5,	1216.823,	41.302;
376.5,	234.5,	1216.823,	41.301;
376.5,	233.5,	1216.823,	41.301;
378.5,	231.5,	1216.823,	41.301;
378.5,	231.5,	1216.824,	41.302;
376.5,	234.5,	1216.823,	41.301;
378.5,	231.5,	1216.823,	41.301;
376.5,	234.5,	1216.823,	41.301;
376.5,	233.5,	1216.823,	41.302;
376.5,	234.5,	1216.823,	41.302;
378.5,	231.5,	1216.823,	41.301;
376.5,	233.5,	1216.823,	41.301;
378.5,	231.5,	1216.823,	41.301;
376.5,	233.5,	1216.823,	41.302;
378.5,	231.5,	1216.823,	41.302;
378.5,	231.5,	1216.824,	41.302;
376.5,	233.5,	1216.823,	41.302;
378.5,	231.5,	1216.823,	41.301;
376.5,	233.5,	1216.823,	41.301;
376.5,	233.5,	1216.823,	41.301;
378.5,	231.5,	1216.823,	41.301;
376.5,	234.5,	1216.823,	41.301;
378.5,	231.5,	1216.823,	41.302;
376.5,	233.5,	1216.823,	41.301;
376.5,	233.5,	1216.823,	41.301;
378.5,	231.5,	1216.823,	41.302;
376.5,	234.5,	1216.823,	41.301;
378.5,	231.5,	1216.823,	41.301;
376.5,	234.5,	1216.823,	41.301;
378.5,	231.5,	1216.823,	41.301;
378.5,	231.5,	1216.823,	41.301;
376.5,	233.5,	1216.823,	41.301;
378.5,	231.5,	1216.823,	41.301;
378.5,	231.5,	1216.823,	41.302;
376.5,	233.5,	1216.823,	41.301;
378.5,	231.5,	1216.823,	41.302;
378.5,	231.5,	1216.823,	41.302;
378.5,	231.5,	1216.823,	41.302;
376.5,	233.5,	1216.823,	41.301;
378.5,	231.5,	1216.823,	41.301;
376.5,	233.5,	1216.823,	41.301;
378.5,	231.5,	1216.823,	41.301;
378.5,	231.5,	1216.823,	41.301;
378.5,	231.5,	1216.823,	41.301;
378.5,	231.5,	1216.823,	41.302;
380.5,	230.5,	1216.823,	41.301;
378.5,	231.5,	1216.823,	41.302;
378.5,	231.5,	1216.823,	41.302;
378.5,	231.5,	1216.823,	41.302;
376.5,	233.5,	1216.824,	41.301;
378.5,	231.5,	1216.823,	41.301;
376.5,	233.5,	1216.823,	41.301;
378.5,	231.5,	1216.823,	41.301;
376.5,	233.5,	1216.823,	41.301;
376.5,	233.5,	1216.823,	41.301;
378.5,	231.5,	1216.823,	41.301;
378.5,	231.5,	1216.823,	41.302;
378.5,	231.5,	1216.823,	41.301;
376.5,	233.5,	1216.823,	41.301;
379.5,	234.5,	1216.823,	41.302;
378.5,	231.5,	1216.823,	41.302;
378.5,	231.5,	1216.823,	41.302;
378.5,	231.5,	1216.823,	41.301;
378.5,	231.5,	1216.824,	41.301;
376.5,	233.5,	1216.823,	41.302;
378.5,	231.5,	1216.823,	41.301;
378.5,	231.5,	1216.823,	41.301;
378.5,	231.5,	1216.823,	41.301;
376.5,	233.5,	1216.823,	41.301;
378.5,	231.5,	1216.823,	41.301;
