506.5,	237.5,	1216.826,	-156.967;
504.5,	235.5,	1216.826,	-156.967;
505.5,	237.5,	1216.826,	-156.967;
505.5,	237.5,	1216.826,	-156.967;
504.5,	237.5,	1216.826,	-156.967;
502.5,	240.5,	1216.826,	-156.967;
506.5,	238.5,	1216.826,	-156.967;
507.5,	239.5,	1216.826,	-156.967;
506.5,	238.5,	1216.826,	-156.967;
506.5,	238.5,	1216.826,	-156.967;
506.5,	238.5,	1216.826,	-156.967;
506.5,	238.5,	1216.826,	-156.967;
509.5,	236.5,	1216.826,	-156.967;
506.5,	238.5,	1216.826,	-156.967;
506.5,	238.5,	1216.826,	-156.967;
506.5,	238.5,	1216.826,	-156.967;
506.5,	238.5,	1216.826,	-156.967;
506.5,	238.5,	1216.826,	-156.967;
506.5,	238.5,	1216.826,	-156.967;
506.5,	238.5,	1216.826,	-156.967;
504.5,	238.5,	1216.826,	-156.967;
509.5,	236.5,	1216.826,	-156.967;
506.5,	238.5,	1216.826,	-156.967;
506.5,	238.5,	1216.826,	-156.967;
506.5,	238.5,	1216.826,	-156.967;
506.5,	238.5,	1216.826,	-156.967;
506.5,	238.5,	1216.826,	-156.967;
506.5,	238.5,	1216.826,	-156.967;
506.5,	238.5,	1216.826,	-156.967;
506.5,	238.5,	1216.826,	-156.967;
507.5,	239.5,	1216.826,	-156.967;
506.5,	238.5,	1216.826,	-156.967;
502.5,	240.5,	1216.826,	-156.967;
506.5,	238.5,	1216.826,	-156.967;
507.5,	239.5,	1216.826,	-156.967;
507.5,	239.5,	1216.826,	-156.967;
506.5,	238.5,	1216.826,	-156.967;
506.5,	238.5,	1216.826,	-156.967;
506.5,	238.5,	1216.826,	-156.967;
506.5,	238.5,	1216.826,	-156.967;
506.5,	238.5,	1216.826,	-156.967;
506.5,	237.5,	1216.826,	-156.967;
507.5,	239.5,	1216.826,	-156.967;
506.5,	238.5,	1216.826,	-156.967;
506.5,	238.5,	1216.826,	-156.967;
506.5,	238.5,	1216.826,	-156.967;
506.5,	238.5,	1216.826,	-156.967;
507.5,	239.5,	1216.826,	-156.967;
502.5,	240.5,	1216.826,	-156.967;
506.5,	237.5,	1216.826,	-156.967;
502.5,	240.5,	1216.826,	-156.966;
502.5,	240.5,	1216.826,	-156.967;
506.5,	238.5,	1216.826,	-156.967;
507.5,	237.5,	1216.826,	-156.967;
509.5,	236.5,	1216.826,	-156.967;
506.5,	238.5,	1216.826,	-156.967;
502.5,	240.5,	1216.826,	-156.967;
506.5,	238.5,	1216.826,	-156.967;
506.5,	238.5,	1216.826,	-156.967;
506.5,	238.5,	1216.826,	-156.967;
507.5,	239.5,	1216.826,	-156.967;
506.5,	238.5,	1216.826,	-156.967;
506.5,	238.5,	1216.826,	-156.967;
506.5,	238.5,	1216.826,	-156.967;
506.5,	238.5,	1216.826,	-156.967;
507.5,	239.5,	1216.826,	-156.967;
509.5,	236.5,	1216.826,	-156.966;
506.5,	238.5,	1216.826,	-156.967;
509.5,	236.5,	1216.826,	-156.967;
506.5,	238.5,	1216.826,	-156.967;
506.5,	238.5,	1216.826,	-156.967;
506.5,	238.5,	1216.826,	-156.967;
502.5,	240.5,	1216.826,	-156.967;
506.5,	238.5,	1216.826,	-156.967;
506.5,	238.5,	1216.826,	-156.967;
506.5,	237.5,	1216.826,	-156.967;
506.5,	238.5,	1216.826,	-156.967;
507.5,	239.5,	1216.826,	-156.967;
506.5,	238.5,	1216.826,	-156.967;
506.5,	238.5,	1216.826,	-156.967;
509.5,	236.5,	1216.826,	-156.967;
506.5,	238.5,	1216.826,	-156.967;
502.5,	240.5,	1216.826,	-156.967;
506.5,	238.5,	1216.826,	-156.967;
509.5,	236.5,	1216.826,	-156.967;
506.5,	237.5,	1216.826,	-156.967;
506.5,	238.5,	1216.826,	-156.967;
506.5,	238.5,	1216.826,	-156.967;
507.5,	239.5,	1216.826,	-156.967;
506.5,	238.5,	1216.826,	-156.967;
506.5,	238.5,	1216.826,	-156.967;
506.5,	238.5,	1216.826,	-156.967;
506.5,	238.5,	1216.826,	-156.967;
506.5,	238.5,	1216.826,	-156.967;
507.5,	239.5,	1216.826,	-156.967;
506.5,	238.5,	1216.826,	-156.967;
502.5,	240.5,	1216.826,	-156.967;
506.5,	238.5,	1216.826,	-156.967;
506.5,	238.5,	1216.826,	-156.967;
507.5,	239.5,	1216.826,	-156.967;
