634.5,	386.5,	943.366,	-408.601;
634.5,	386.5,	943.366,	-408.601;
634.5,	386.5,	943.366,	-408.601;
634.5,	386.5,	943.366,	-408.601;
634.5,	386.5,	943.366,	-408.601;
634.5,	386.5,	943.366,	-408.601;
634.5,	386.5,	943.366,	-408.601;
634.5,	386.5,	943.366,	-408.601;
634.5,	386.5,	943.366,	-408.601;
634.5,	386.5,	943.366,	-408.601;
634.5,	386.5,	943.366,	-408.601;
634.5,	386.5,	943.366,	-408.601;
634.5,	386.5,	943.366,	-408.601;
634.5,	386.5,	943.366,	-408.601;
634.5,	386.5,	943.366,	-408.601;
634.5,	386.5,	943.366,	-408.601;
634.5,	386.5,	943.366,	-408.601;
634.5,	386.5,	943.366,	-408.601;
634.5,	386.5,	943.366,	-408.601;
634.5,	386.5,	943.366,	-408.601;
634.5,	386.5,	943.366,	-408.601;
634.5,	386.5,	943.366,	-408.601;
634.5,	386.5,	943.366,	-408.601;
634.5,	386.5,	943.366,	-408.601;
634.5,	386.5,	943.366,	-408.601;
634.5,	386.5,	943.366,	-408.601;
634.5,	386.5,	943.366,	-408.601;
634.5,	386.5,	943.366,	-408.601;
634.5,	386.5,	943.366,	-408.601;
634.5,	386.5,	943.366,	-408.601;
634.5,	386.5,	943.366,	-408.601;
634.5,	386.5,	943.366,	-408.601;
634.5,	386.5,	943.366,	-408.601;
634.5,	386.5,	943.366,	-408.601;
634.5,	386.5,	943.366,	-408.601;
634.5,	386.5,	943.366,	-408.601;
634.5,	386.5,	943.366,	-408.601;
634.5,	386.5,	943.366,	-408.601;
634.5,	386.5,	943.366,	-408.601;
634.5,	386.5,	943.366,	-408.601;
634.5,	386.5,	943.366,	-408.601;
634.5,	386.5,	943.366,	-408.601;
634.5,	386.5,	943.366,	-408.601;
634.5,	386.5,	943.366,	-408.601;
634.5,	386.5,	943.366,	-408.601;
634.5,	386.5,	943.366,	-408.601;
634.5,	386.5,	943.366,	-408.601;
634.5,	386.5,	943.366,	-408.601;
634.5,	386.5,	943.366,	-408.601;
634.5,	386.5,	943.366,	-408.601;
634.5,	386.5,	943.366,	-408.601;
634.5,	386.5,	943.366,	-408.601;
634.5,	386.5,	943.366,	-408.601;
634.5,	386.5,	943.366,	-408.601;
634.5,	386.5,	943.366,	-408.601;
634.5,	386.5,	943.366,	-408.601;
634.5,	386.5,	943.366,	-408.601;
634.5,	386.5,	943.366,	-408.601;
634.5,	386.5,	943.366,	-408.601;
634.5,	386.5,	943.366,	-408.601;
634.5,	386.5,	943.366,	-408.601;
634.5,	386.5,	943.366,	-408.601;
634.5,	386.5,	943.366,	-408.601;
634.5,	386.5,	943.366,	-408.601;
634.5,	386.5,	943.366,	-408.601;
635.5,	388.5,	943.366,	-408.601;
634.5,	386.5,	943.366,	-408.601;
634.5,	386.5,	943.366,	-408.601;
634.5,	386.5,	943.366,	-408.601;
634.5,	386.5,	943.366,	-408.601;
634.5,	386.5,	943.366,	-408.601;
634.5,	386.5,	943.366,	-408.601;
634.5,	386.5,	943.366,	-408.601;
634.5,	386.5,	943.366,	-408.601;
634.5,	386.5,	943.366,	-408.601;
634.5,	386.5,	943.366,	-408.601;
634.5,	386.5,	943.366,	-408.601;
634.5,	386.5,	943.366,	-408.601;
634.5,	386.5,	943.366,	-408.601;
634.5,	386.5,	943.366,	-408.601;
634.5,	386.5,	943.366,	-408.601;
634.5,	386.5,	943.366,	-408.601;
634.5,	386.5,	943.366,	-408.601;
634.5,	386.5,	943.366,	-408.601;
634.5,	386.5,	943.366,	-408.601;
634.5,	386.5,	943.366,	-408.601;
634.5,	386.5,	943.366,	-408.601;
634.5,	386.5,	943.366,	-408.601;
634.5,	386.5,	943.366,	-408.601;
634.5,	386.5,	943.366,	-408.601;
634.5,	386.5,	943.366,	-408.601;
634.5,	386.5,	943.366,	-408.601;
634.5,	386.5,	943.366,	-408.601;
634.5,	386.5,	943.366,	-408.601;
634.5,	386.5,	943.366,	-408.601;
634.5,	386.5,	943.366,	-408.601;
634.5,	386.5,	943.366,	-408.601;
634.5,	386.5,	943.366,	-408.601;
634.5,	386.5,	943.366,	-408.601;
634.5,	386.5,	943.366,	-408.601;
