129.5,	224.5,	1216.825,	426.002;
126.5,	221.5,	1216.825,	426.002;
127.5,	224.5,	1216.825,	426.002;
126.5,	221.5,	1216.825,	426.002;
129.5,	224.5,	1216.825,	426.002;
129.5,	224.5,	1216.825,	426.002;
129.5,	224.5,	1216.825,	426.002;
126.5,	221.5,	1216.825,	426.002;
126.5,	221.5,	1216.825,	426.002;
126.5,	221.5,	1216.825,	426.002;
129.5,	224.5,	1216.825,	426.002;
128.5,	223.5,	1216.825,	426.002;
129.5,	224.5,	1216.825,	426.002;
129.5,	224.5,	1216.825,	426.002;
129.5,	224.5,	1216.825,	426.002;
126.5,	221.5,	1216.825,	426.002;
129.5,	224.5,	1216.825,	426.002;
126.5,	221.5,	1216.825,	426.002;
126.5,	221.5,	1216.825,	426.002;
129.5,	224.5,	1216.825,	426.002;
129.5,	224.5,	1216.825,	426.002;
126.5,	221.5,	1216.825,	426.002;
129.5,	224.5,	1216.825,	426.002;
128.5,	221.5,	1216.825,	426.002;
126.5,	221.5,	1216.825,	426.003;
128.5,	222.5,	1216.825,	426.002;
128.5,	221.5,	1216.825,	426.002;
129.5,	223.5,	1216.825,	426.002;
129.5,	223.5,	1216.825,	426.003;
253.5,	215.5,	1216.825,	426.002;
190.5,	246.5,	1216.825,	426.002;
125.5,	222.5,	1216.825,	426.003;
126.5,	223.5,	1216.825,	426.002;
127.5,	221.5,	1216.825,	426.002;
126.5,	222.5,	1216.825,	426.002;
129.5,	223.5,	1216.825,	426.002;
126.5,	221.5,	1216.825,	426.002;
126.5,	221.5,	1216.825,	426.003;
126.5,	221.5,	1216.825,	426.002;
126.5,	221.5,	1216.825,	426.002;
126.5,	221.5,	1216.825,	426.003;
126.5,	221.5,	1216.825,	426.002;
126.5,	221.5,	1216.825,	426.002;
126.5,	221.5,	1216.825,	426.002;
126.5,	221.5,	1216.825,	426.002;
126.5,	221.5,	1216.825,	426.002;
126.5,	221.5,	1216.825,	426.002;
126.5,	221.5,	1216.825,	426.002;
126.5,	221.5,	1216.825,	426.002;
126.5,	221.5,	1216.825,	426.002;
126.5,	221.5,	1216.825,	426.002;
126.5,	221.5,	1216.825,	426.002;
126.5,	221.5,	1216.825,	426.002;
126.5,	221.5,	1216.825,	426.002;
126.5,	221.5,	1216.825,	426.002;
126.5,	221.5,	1216.825,	426.002;
126.5,	221.5,	1216.825,	426.002;
126.5,	221.5,	1216.825,	426.002;
126.5,	221.5,	1216.825,	426.002;
126.5,	221.5,	1216.825,	426.002;
126.5,	221.5,	1216.825,	426.002;
126.5,	221.5,	1216.825,	426.002;
126.5,	221.5,	1216.825,	426.002;
126.5,	221.5,	1216.825,	426.003;
126.5,	221.5,	1216.825,	426.002;
126.5,	221.5,	1216.825,	426.002;
126.5,	221.5,	1216.825,	426.002;
126.5,	221.5,	1216.825,	426.002;
126.5,	221.5,	1216.825,	426.003;
126.5,	221.5,	1216.825,	426.002;
126.5,	221.5,	1216.825,	426.002;
126.5,	221.5,	1216.825,	426.002;
126.5,	221.5,	1216.825,	426.002;
126.5,	221.5,	1216.825,	426.002;
126.5,	221.5,	1216.825,	426.002;
126.5,	221.5,	1216.825,	426.002;
126.5,	221.5,	1216.825,	426.003;
126.5,	221.5,	1216.825,	426.002;
126.5,	221.5,	1216.825,	426.002;
126.5,	221.5,	1216.825,	426.002;
126.5,	221.5,	1216.825,	426.002;
126.5,	221.5,	1216.825,	426.002;
126.5,	221.5,	1216.825,	426.002;
126.5,	221.5,	1216.825,	426.002;
126.5,	221.5,	1216.825,	426.002;
126.5,	221.5,	1216.825,	426.002;
126.5,	221.5,	1216.825,	426.002;
126.5,	221.5,	1216.825,	426.002;
126.5,	221.5,	1216.825,	426.002;
126.5,	221.5,	1216.825,	426.003;
129.5,	224.5,	1216.825,	426.002;
126.5,	221.5,	1216.825,	426.002;
126.5,	221.5,	1216.825,	426.002;
126.5,	221.5,	1216.825,	426.002;
126.5,	221.5,	1216.825,	426.002;
126.5,	221.5,	1216.825,	426.002;
126.5,	221.5,	1216.825,	426.003;
126.5,	221.5,	1216.825,	426.002;
126.5,	221.5,	1216.825,	426.003;
126.5,	221.5,	1216.825,	426.002;
126.5,	221.5,	1216.825,	426.001;
126.5,	221.5,	1216.825,	426.002;
126.5,	221.5,	1216.825,	426.002;
126.5,	221.5,	1216.825,	426.002;
126.5,	221.5,	1216.825,	426.002;
126.5,	221.5,	1216.825,	426.002;
126.5,	221.5,	1216.825,	426.002;
126.5,	221.5,	1216.825,	426.002;
126.5,	221.5,	1216.825,	426.002;
126.5,	221.5,	1216.825,	426.003;
126.5,	221.5,	1216.825,	426.002;
126.5,	221.5,	1216.825,	426.002;
126.5,	221.5,	1216.825,	426.002;
126.5,	221.5,	1216.825,	426.002;
126.5,	221.5,	1216.825,	426.002;
126.5,	221.5,	1216.825,	426.002;
126.5,	221.5,	1216.825,	426.002;
126.5,	221.5,	1216.825,	426.002;
126.5,	221.5,	1216.825,	426.002;
126.5,	221.5,	1216.825,	426.002;
126.5,	221.5,	1216.825,	426.002;
126.5,	221.5,	1216.825,	426.002;
126.5,	221.5,	1216.825,	426.002;
